age	C0.4	C2	C10	C25	C50	C75	C90	C98	C99.6
5	979.921489594112	1064.41655258714	1173.4665015591	1259.19595971867	1354.44761178526	1449.69926385185	1535.42872201142	1644.47867098338	1728.97373397641
5.25	983.491845564368	1067.65034809321	1176.26592965784	1261.65391051435	1356.52615650563	1451.39840249691	1536.78638335342	1645.40196491805	1729.56046744689
5.5	987.062201534624	1070.88414359929	1179.06535775658	1264.11186131004	1358.604701226	1453.09754114197	1538.14404469543	1646.32525885272	1730.14720091738
5.75	990.63255750488	1074.11793910536	1181.86478585532	1266.56981210572	1360.68324594637	1454.79667978702	1539.50170603743	1647.24855278738	1730.73393438787
6	994.202913475136	1077.35173461144	1184.66421395406	1269.02776290141	1362.76179066674	1456.49581843208	1540.85936737943	1648.17184672205	1731.32066785835
6.25	997.773269445392	1080.58553011751	1187.46364205279	1271.48571369709	1364.84033538711	1458.19495707714	1542.21702872143	1649.09514065672	1731.90740132884
6.5	1001.34362541565	1083.81932562359	1190.26307015153	1273.94366449278	1366.91888010749	1459.89409572219	1543.57469006344	1650.01843459138	1732.49413479932
6.75	1004.91316339858	1087.05271497154	1193.06262360195	1276.4021584858	1368.99843228205	1461.59470607831	1544.93424096215	1650.94414959257	1733.08370116553
7	1008.48147225652	1090.28622240526	1195.86403385823	1278.86387617694	1371.08272687128	1463.30157756561	1546.30141988432	1651.87923133729	1733.68398148603
7.25	1012.05105854376	1093.52237518407	1198.66985490177	1281.33139255512	1373.17436220497	1465.01733185481	1547.67886950817	1652.82634922586	1734.29766586618
7.5	1015.62340096441	1096.76264764057	1201.48155542326	1283.80617187566	1375.27479761041	1466.74342334516	1549.06803979757	1653.78694758025	1734.92619425642
7.75	1019.19944987373	1100.00798642746	1204.30007729685	1286.28915225606	1377.3849670312	1468.48078180634	1550.46985676555	1654.76194763494	1735.57048418867
8	1022.77740380425	1103.25658668568	1207.12361128628	1288.77852101893	1379.5030539666	1470.22758691427	1551.88249664692	1655.74952124752	1736.22870412895
8.25	1026.35379792312	1106.50498099989	1209.94868664321	1291.27080479569	1381.62558213677	1471.98035947784	1553.30247763032	1656.74618327364	1736.89736635041
8.5	1029.92236953168	1109.74690093571	1212.76902753071	1293.7597219299	1383.74626341934	1473.73280490878	1554.72349930797	1657.74562590297	1737.57015730699
8.75	1033.47325392383	1112.97247909498	1215.57476307623	1296.23539881763	1385.85522117567	1475.4750435337	1556.1356792751	1658.73796325635	1738.2371884275
9	1036.99565356088	1116.17091241289	1218.35508308291	1298.68701965519	1387.9416333724	1477.19624708961	1557.52818366189	1659.71235433191	1738.88761318392
9.25	1040.47685245815	1119.32947926505	1221.0972586477	1301.10184981738	1389.99275902668	1478.88366823598	1558.88825940566	1660.65603878831	1739.5086655952
9.5	1043.90399659973	1122.4353198774	1223.78842256503	1303.4670162564	1391.99571859952	1480.52442094264	1560.20301463401	1661.55611732164	1740.08744059931
9.75	1047.2670239258	1125.47836700829	1226.41850090557	1305.77243978537	1393.94042706256	1482.10841433975	1561.46235321956	1662.40248711683	1740.61383019933
10	1050.55740753729	1128.4500888578	1228.97895554427	1308.00957730681	1395.81833579353	1483.62709428026	1562.65771604279	1663.18658272926	1741.07926404978
10.25	1053.76539805662	1131.34073082341	1231.46002513531	1310.16866217359	1397.61967225524	1485.07068233688	1563.77931937516	1663.89861368707	1741.47394645386
10.5	1056.87959959773	1134.1388913742	1233.85030086247	1312.2382798422	1399.33301554068	1486.42775123916	1564.8157302189	1664.52713970716	1741.78643148364
10.75	1059.88738522574	1136.83193733781	1236.13714150321	1314.20578276148	1400.94571106715	1487.68563937282	1565.75428063109	1665.05948479649	1742.00403690856
11	1062.77246439414	1139.40356979171	1238.3042373249	1316.05485270043	1402.44143116134	1488.82800962226	1566.57862499779	1665.47929253098	1742.11039792854
11.25	1065.51787839055	1141.83682128622	1240.33460960142	1317.76850206798	1403.8031783826	1489.83785469722	1567.27174716377	1665.76953547898	1742.08847837465
11.5	1068.10749744014	1144.11555235235	1242.21210635241	1319.33056904795	1405.01477998645	1490.69899092494	1567.81745362049	1665.91400762055	1741.92206253275
11.75	1070.52572045508	1146.22415177916	1243.92110330199	1320.72541909353	1406.06059001427	1491.395760935	1568.20007672654	1665.89702824937	1741.59545957345
12	1072.76018403762	1148.15024650919	1245.44921492579	1321.94065687947	1406.92820225136	1491.91574762324	1568.40718957692	1665.70615799352	1741.09622046509
12.25	1074.80259989061	1149.88553913885	1246.7881320674	1322.96796400989	1407.60928803613	1492.25061206237	1568.43044400486	1665.33303693341	1740.41597618165
12.5	1076.64725367438	1151.42430722331	1247.93212182139	1323.80159935581	1408.09809710261	1492.39459484941	1568.26407238383	1664.77188698192	1739.54894053085
12.75	1078.29561706572	1152.7680171314	1248.88264370612	1324.44301705007	1408.39607759996	1492.34913814985	1567.90951149379	1664.02413806851	1738.49653813419
13	1079.75094480987	1153.91991921055	1249.64294239316	1324.89545730218	1408.50646478001	1492.11747225784	1567.36998716685	1663.09301034946	1737.26198475014
13.25	1081.01980395573	1154.88657907872	1250.21958165369	1325.16548243148	1408.435819349	1491.70615626652	1566.65205704432	1661.98505961928	1735.85183474227
13.5	1082.11045465414	1155.67625694125	1250.62082176336	1325.26135276892	1408.1924016993	1491.12345062969	1565.76398163525	1660.70854645736	1734.27434874447
13.75	1083.03186148524	1156.29791758488	1250.85562777562	1325.19203357757	1407.78517732693	1490.37832107629	1564.71472687824	1659.27243706898	1732.53849316862
14	1083.79382188461	1156.7613588673	1250.93379809286	1324.96732368807	1407.22394553832	1489.48056738857	1563.51409298378	1657.68653220935	1730.65406919203
14.25	1084.40691684668	1157.07716167647	1250.86591346571	1324.59780374308	1406.51928685616	1488.44076996924	1562.17266024661	1655.96141203585	1728.63165686564
14.5	1084.88388228142	1157.25806037064	1250.66470624969	1324.09620452368	1405.68393031222	1487.27165610075	1560.70315437474	1654.10980025379	1726.48397834301
14.75	1085.23813954676	1157.31747419361	1250.3435929601	1323.47594040017	1404.73128789355	1485.98663538692	1559.11898282699	1652.14510159348	1724.22443624033
15	1085.48543748094	1157.27114766891	1249.9183125519	1322.75274594977	1403.67708931338	1484.60143267699	1557.43586607485	1650.08303095785	1721.86874114581
15.25	1085.64261136633	1157.13591073173	1249.40568805916	1321.94343878124	1402.53814615258	1483.13285352391	1555.670604246	1647.94038157342	1719.43368093882
15.5	1085.7262368963	1156.9283328629	1248.82228094476	1321.06457405419	1401.33100656732	1481.59743908045	1553.83973218988	1645.73368027173	1716.93577623833
15.75	1085.75247969194	1156.66457267457	1248.18424077505	1320.13229422361	1400.0718051114	1480.0113159992	1551.95936944776	1643.47903754824	1714.39113053087
16	1085.73704554321	1156.36032901704	1247.50725744396	1319.16228214239	1398.77621681458	1478.39015148677	1550.0451761852	1641.19210461212	1711.81538808595
16.25	1085.69430396977	1156.02996488102	1246.80568551588	1318.16888575059	1397.45858225682	1476.74827876305	1548.11147899776	1638.88719963263	1709.22286054387
16.5	1085.63799553476	1155.68721447652	1246.09325100146	1317.16582461293	1396.13261384093	1475.09940306893	1546.1719766804	1636.57801320534	1706.62723214709
16.75	1085.57886559676	1155.34281737763	1245.38068600926	1316.16382496896	1394.80903128558	1473.4542376022	1544.23737656191	1634.27524519353	1704.0391969744
17	1085.52611263442	1155.00596653887	1244.67717636429	1315.17206703887	1393.49700858357	1471.82195012827	1542.31684080284	1631.98805062826	1701.46790453271
17.25	1085.48369867156	1154.68061822727	1243.98667090385	1314.19449381903	1392.20048224162	1470.20647066421	1540.4142935794	1629.72034625598	1698.91726581169
17.5	1085.44994635483	1154.36508908316	1243.3074785165	1313.22940810399	1390.91774828335	1468.60608846271	1538.5280180502	1627.47040748353	1696.38555021187
17.75	1085.42224357309	1154.05675988301	1242.63697079935	1312.27417427453	1389.64616307169	1467.01815186884	1536.65535534402	1625.23556626036	1693.87008257029
18	1085.39635006407	1153.75133333572	1241.97077685952	1311.3243635758	1388.38123356294	1465.43810355007	1534.79169026636	1623.01113379015	1691.3661170618
18.25	1085.37036540359	1153.44608642486	1241.30511203696	1310.37535673821	1387.11741317571	1463.85946961321	1532.92971431446	1620.78873992655	1688.86446094783
18.5	1085.3443807431	1153.140839514	1240.6394472144	1309.42634990062	1385.85359278848	1462.28083567634	1531.06773836256	1618.56634606295	1686.36280483386
18.75	1085.31839608261	1152.83559260315	1239.97378239184	1308.47734306303	1384.58977240125	1460.70220173948	1529.20576241066	1616.34395219936	1683.86114871989
19	1085.29241142212	1152.53034569229	1239.30811756928	1307.52833622544	1383.32595201402	1459.12356780261	1527.34378645876	1614.12155833576	1681.35949260592
19.25	1085.26642676164	1152.22509878143	1238.64245274673	1306.57932938785	1382.0621316268	1457.54493386575	1525.48181050686	1611.89916447216	1678.85783649196
19.5	1085.24044210115	1151.91985187057	1237.97678792417	1305.63032255025	1380.79831123957	1455.96629992888	1523.61983455497	1609.67677060857	1676.35618037799
19.75	1085.21445744066	1151.61460495971	1237.31112310161	1304.68131571266	1379.53449085234	1454.38766599201	1521.75785860307	1607.45437674497	1673.85452426402
20	1085.18847278017	1151.30935804885	1236.64545827905	1303.73230887507	1378.27067046511	1452.80903205515	1519.89588265117	1605.23198288137	1671.35286815005
