age	C0.4	C2	C10	C25	C50	C75	C90	C98	C99.6
5	85.0293428768618	128.387039267332	184.344800720363	228.335913182268	277.213232929753	326.090552677237	370.081665139142	426.039426592173	469.397122982643
5.25	89.8636580741745	132.879879986111	188.396931968787	232.041581324056	280.533955406472	329.026329488887	372.670978844156	428.188030826832	471.204252738769
5.5	94.6979732714871	137.372720704891	192.449063217211	235.747249465844	283.854677883191	331.962106300538	375.26029254917	430.336635061491	473.011382494895
5.75	99.5322884687998	141.86556142367	196.501194465635	239.452917607632	287.17540035991	334.897883112188	377.849606254185	432.48523929615	474.81851225102
6	104.366603666113	146.358402142449	200.55332571406	243.15858574942	290.496122836629	337.833659923839	380.438919959199	434.633843530809	476.625642007146
6.25	109.200918863425	150.851242861229	204.605456962484	246.864253891208	293.816845313348	340.769436735489	383.028233664213	436.782447765468	478.432771763272
6.5	114.035234060738	155.344083580008	208.657588210908	250.569922032996	297.137567790068	343.70521354714	385.617547369228	438.931052000127	480.239901519397
6.75	118.869549258051	159.836924298788	212.709719459332	254.275590174784	300.458290266787	346.64099035879	388.206861074242	441.079656234786	482.047031275523
7	123.70208815152	164.328353736717	216.760910528264	257.980688492724	303.778854411667	349.57702033061	390.79679829507	443.229355086617	483.855620671814
7.25	128.521548819245	168.809314425184	220.80500065699	261.681333468788	307.097906888635	352.514480308481	393.390813120279	445.386499352085	485.674264958024
7.5	133.325499061414	173.277565575289	224.839996092939	265.375725557654	310.413863930721	355.452002303788	395.987731768503	447.550162286153	487.502228800028
7.75	138.111338994162	177.730506532652	228.863295187305	269.061262328747	313.724122238748	358.386982148749	398.584949290192	449.717737944844	489.336905483334
8	142.876126549454	182.165170352452	232.871898889097	272.734919490862	317.025629477801	361.31633946474	401.179360066505	451.88608860315	491.175132406149
8.25	147.615841070346	186.577514364594	236.861736117889	276.392603628829	320.314267417188	364.235931205547	403.766798716487	454.051020469782	493.01269376403
8.5	152.325831327275	190.962865736116	240.828106159215	280.029592109179	323.585289069837	367.140986030494	406.342471980458	456.207712403557	494.844746812398
8.75	157.001244434301	195.316349749157	244.76610611877	283.640959886739	326.833744779351	370.026529671962	408.901383439931	458.351139809545	496.6662451244
9	161.637033359773	199.632896127484	248.670635720701	287.221583101495	330.054484482001	372.887385862507	411.438333243301	460.476072836518	498.471935604229
9.25	166.227994027214	203.907282095533	252.536448056261	290.766195872436	333.242221217214	375.718246561992	413.947994378167	462.577160338895	500.256448407214
9.5	170.768750109861	208.134105261794	256.358107094586	294.269335723167	336.391463125691	378.513590528216	416.424819156796	464.648820989588	502.014176141521
9.75	175.253323807892	212.30736631577	260.129585763344	297.724953756432	339.496137061099	381.267320365767	418.862688358855	466.684907806428	503.738950314307
10	179.673872752986	216.419199544299	263.842988220349	301.125130444155	342.548297178621	383.971463913088	421.253606136894	468.677394812943	505.422721604257
10.25	184.021917300902	220.46110192795	267.489781277977	304.461308882033	345.539360223001	386.617411563968	423.588939168024	470.617618518052	507.056803145099
10.5	188.287535919884	224.423128364833	271.059989414555	307.723489633923	348.459300187381	389.195110740839	425.858610960207	472.495472009929	508.631064454878
10.75	192.46022774223	228.294754326939	274.543057565904	310.901093629683	351.297511329253	391.693929028823	428.051965092601	474.300268331566	510.134794916276
11	196.529763107135	232.065726754341	277.928702473018	313.983813869342	354.043660270712	394.103506672081	430.158618068405	476.021593787082	511.557557434288
11.25	200.486193824206	235.726074054902	281.206922341299	316.961624814684	356.687695092655	396.413765370627	432.168467844011	477.649316130409	512.889196361104
11.5	204.322099703221	239.268353534906	284.370245433857	319.827031896567	359.222095857656	398.617159818745	434.073946281456	479.175838180406	514.122092012092
11.75	208.033359542034	242.688422511007	287.414501343549	322.575842912829	361.642646147699	400.709449382569	435.870790951849	480.596869784391	515.251932753364
12	211.6164932625	245.982779664264	290.336161337907	325.204507579898	363.945771734371	402.687035888844	437.555382130835	481.908763804478	516.275050206242
12.25	215.069008330922	249.148911380682	293.13268459655	327.710463689129	366.128886645117	404.547309601104	439.125088693683	483.108861909551	517.188764959311
12.5	218.388997747708	252.184889842245	295.802116433049	330.091735431533	368.189991602246	406.288247772959	440.577866771443	484.195093362247	517.990985456784
12.75	221.576409681957	255.090642862274	298.344358389413	332.348203695961	370.128944547455	407.90968539895	441.913530705498	485.167246232637	518.681479412954
13	224.632320341336	257.867226707511	300.760440996474	334.480878781002	371.946733299838	409.412587818675	443.133025603203	486.026239892166	519.261146258341
13.25	227.56260389081	260.520496693148	303.056195241772	336.495572549043	373.649148472354	410.802724395665	444.242101702937	486.777800251561	519.735693053899
13.5	230.375937509372	263.05911207205	305.240257242577	338.400902929344	375.244787786058	412.088672642772	445.249318329539	487.430463500067	520.113638062744
13.75	233.081230639981	265.491963952297	307.321494443844	340.205718764126	376.742479414184	413.279240064243	446.163464384525	487.992994876072	520.403728188388
14	235.687873894182	267.828424582201	309.309255394156	341.919349970467	378.151532572858	414.383715175249	446.99380975156	488.474640563515	520.615191251535
14.25	238.204656986494	270.077265433133	311.212288020147	343.550525965337	379.480656113467	415.410786261598	447.749024206788	488.884046793802	520.75665524044
14.5	240.639390265062	272.246278768053	313.038361243902	345.106997321431	380.737580221202	416.368163120974	448.436799198503	489.228881674352	520.835770177343
14.75	243.000511095072	274.343884158821	314.795871673086	346.597142593141	381.93066339196	417.264184190779	449.065455110834	489.517442625099	520.860815688848
15	245.29857689838	276.380621822628	316.495337320422	348.031462337181	383.07038678756	418.109311237938	449.645436254698	489.760151752492	520.84219667674
15.25	247.544884460056	278.367771526706	318.148015989796	349.421197090986	384.167971761155	418.914746431324	450.187927532514	489.968171995603	520.791059062253
15.5	249.752078839764	280.317961485463	319.766514155002	350.778936236999	385.235988705457	419.693041173916	450.705463255912	490.154015925452	520.719898571151
15.75	251.932990971547	282.244005912367	321.363624449815	352.117455444147	386.287194440218	420.456933436289	451.210764430621	490.330382968069	520.641397908889
16	254.095864113192	284.154131461435	322.947552099302	353.444943091163	387.329758626667	421.214574162171	451.711965154032	490.505385791899	520.563653140142
16.25	256.245836370948	286.053459757376	324.523397456974	354.766482809235	388.36874631628	421.971009823324	452.214095175585	490.684032875183	520.491656261611
16.5	258.384999595908	287.944066229674	326.093214758471	356.084112172495	389.406176571039	422.728240969584	452.719138383607	490.868286912404	520.427353546171
16.75	260.511987770108	289.824568491283	327.655600490685	357.396411059609	390.440610816673	423.484810573736	453.22562114266	491.056653142062	520.369233863237
17	262.626090812877	291.694240022767	329.209806918188	358.702615056231	391.471266107343	424.239917158454	453.732725296497	491.248292191919	520.316441401808
17.25	264.72835551002	293.554110923099	330.756842603811	360.003715794584	392.499115264134	424.994514733685	454.241387924457	491.44411960517	520.269875018248
17.5	266.819960674232	295.405343659557	332.297848919314	361.300838062217	393.525264648338	425.74969123446	454.752680377363	491.64518563712	520.230568622445
17.75	268.902135855715	297.249070137302	333.833831748448	362.594888671335	394.550510996477	426.50613332162	455.267190244506	491.851951855652	520.198886137239
18	270.981951767898	299.090936364711	335.368598364787	363.888229376829	395.575609987241	427.262990597654	455.782621609696	492.060283609771	520.169268206584
18.25	273.061767680081	300.932802592119	336.903364981125	365.181570082322	396.600708978005	428.019847873688	456.298052974885	492.268615363891	520.13965027593
18.5	275.141583592263	302.774668819528	338.438131597463	366.474910787816	397.625807968769	428.776705149722	456.813484340075	492.47694711801	520.110032345275
18.75	277.221399504446	304.616535046936	339.972898213801	367.76825149331	398.650906959533	429.533562425756	457.328915705265	492.68527887213	520.08041441462
19	279.301215416629	306.458401274345	341.507664830139	369.061592198804	399.676005950297	430.29041970179	457.844347070455	492.893610626249	520.050796483965
19.25	281.381031328811	308.300267501753	343.042431446477	370.354932904298	400.701104941061	431.047276977824	458.359778435644	493.101942380368	520.02117855331
19.5	283.460847240994	310.142133729162	344.577198062816	371.648273609792	401.726203931825	431.804134253858	458.875209800834	493.310274134488	519.991560622656
19.75	285.540663153177	311.98399995657	346.111964679154	372.941614315286	402.751302922589	432.560991529892	459.390641166024	493.518605888607	519.961942692001
20	287.620479065359	313.825866183979	347.646731295492	374.23495502078	403.776401913353	433.317848805925	459.906072531214	493.726937642727	519.932324761346
