age	C0.4	C2	C10	C25	C50	C75	C90	C98	C99.6
5	508.38440072929	548.084157052793	599.320954185361	639.600687439854	684.354395437762	729.10810343567	769.387836690163	820.624633822731	860.324390146234
5.25	505.801527286186	545.59657219745	596.956349481342	637.332763402234	682.193890639632	727.05501787703	767.431431797922	818.791209081814	858.586253993078
5.5	503.218653843082	543.108987342108	594.591744777324	635.064839364614	680.033385841502	725.00193231839	765.475026905681	816.957784340897	856.848117839922
5.75	500.635780399978	540.621402486765	592.227140073305	632.796915326994	677.872881043372	722.94884675975	763.51862201344	815.124359599979	855.109981686766
6	498.052906956875	538.133817631423	589.862535369286	630.528991289375	675.712376245243	720.895761201111	761.562217121199	813.290934859062	853.371845533611
6.25	495.470033513771	535.646232776081	587.497930665268	628.261067251755	673.551871447113	718.842675642471	759.605812228958	811.457510118145	851.633709380455
6.5	492.887160070667	533.158647920738	585.133325961249	625.993143214135	671.391366648983	716.789590083831	757.649407336717	809.624085377228	849.895573227299
6.75	490.303987881052	530.670831717674	582.768576894881	623.725143197589	669.230861850876	714.736580504162	755.69314680687	807.790891984077	848.157735820699
7	487.719837847315	528.182258277286	580.403355307945	621.456894490137	667.070357052866	712.683819615594	753.737358797786	805.958455828445	846.420876258417
7.25	485.134691720029	525.692913467338	578.037652381878	619.188392450553	664.909852255053	710.631312059553	751.782052128228	804.126791042768	844.685012790078
7.5	482.548552782658	523.202799830569	575.671469703436	616.919637914047	662.749347457627	708.579057001207	749.827225211818	802.295895084685	842.950142132596
7.75	479.961423294337	520.711919116489	573.304808364403	614.650631455334	660.588842660799	706.527053866263	747.872876957194	800.465766205108	841.21626202726
8	477.373303584272	518.220271580076	570.93766852396	612.381373158282	658.428337864761	704.475302571239	745.919007205562	798.636404149445	839.48337214525
8.25	474.784192766869	515.727856535573	568.570049754256	610.111862797795	656.267833069691	702.423803341587	743.965616385126	796.807809603809	837.751473372512
8.5	472.194090452663	513.234673681397	566.201951867133	607.842100274883	654.107328275672	700.37255627646	742.01270468421	794.979982869946	836.02056609868
8.75	469.602996944	510.740723251674	563.833375008673	605.572085666413	651.946823482664	698.321561298916	740.060271956655	793.152923713654	834.290650021328
9	467.010913918471	508.246006545521	561.464319989527	603.301819399028	649.786318690657	696.270817982285	738.108317391786	791.326630835792	832.561723462842
9.25	464.417847614789	505.75052839419	559.094789824473	601.031303059487	647.625813899771	694.220324740056	736.15683797507	789.501099405352	830.833780184754
9.5	461.823805329081	503.254294447805	556.724788039285	598.760538503512	645.465309110182	692.170079716852	734.205830181079	787.676323772558	829.106812891283
9.75	459.228794355559	500.757310355053	554.354318158927	596.489527586504	643.304804322283	690.120081058063	732.255290485639	785.852298289513	827.380814289007
10	456.63282198974	498.259581765659	551.983383709055	594.218272164284	641.14429953659	688.070326908896	730.305215364124	784.02901730752	825.655777083439
10.25	454.035894203476	495.761113306141	549.611987579884	591.946773762075	638.98379476172	686.020815761364	728.355601943556	782.206476217299	823.931695319963
10.5	451.438015164077	493.261908197852	547.240131771913	589.675033420605	636.823289972024	683.971546523443	726.406448172135	780.384671746197	822.208564779972
10.75	448.839186584189	490.761967773563	544.86781712764	587.403051596945	634.662785196335	681.922518795725	724.45775326503	778.563602619107	820.486383808481
11	446.239402337832	488.261287286566	542.495040680456	585.130826723906	632.502280422324	679.873734120742	722.509520164192	776.743273558083	818.765158506816
11.25	443.638654454046	485.759860564124	540.121798578426	582.85835677405	630.3417756497	677.825194525351	720.561752720974	774.923690735277	817.044896845355
11.5	441.036933276517	483.257680129421	537.748086157608	580.58563929477	628.181270882812	675.776902470853	718.614455608015	773.104861636203	815.325608489106
11.75	438.434228224244	480.754737787549	535.373898302604	578.312671591621	626.020766117067	673.728860642512	716.667633931529	771.286794446584	813.607304009889
12	435.830529843278	478.25102621775	532.999230445768	576.039451261313	623.860261353931	671.68107144655	714.721292262095	769.469496490113	811.889992864585
12.25	433.22583013618	475.74653922687	530.624078722569	573.765976269958	621.699756593496	669.633536917033	712.775434464423	767.652973960122	810.173683050812
12.5	430.620120922099	473.241270479738	528.248439179885	571.492244537078	619.539251835924	667.586259134771	710.830064491964	765.83723319211	808.45838274975
12.75	428.01339327141	470.735213061384	525.872307502873	569.218253791917	617.378747081592	665.539240371266	708.88518666031	764.022281101799	806.744100891773
13	425.405638096764	468.228359934707	523.495679300498	566.944001723639	615.218242330914	663.492482938189	706.94080536133	762.20812472712	805.030846565063
13.25	422.796846612592	465.720704296303	521.118550327554	564.669486098164	613.057737584315	661.445989070467	704.996924841077	760.394770872328	803.318628556039
13.5	420.187010204037	463.212239474969	518.740916421329	562.394704724824	610.897232842217	659.39976095961	703.053549263105	758.582226209465	801.607455480397
13.75	417.576121745955	460.702959953119	516.362774138965	560.119655791808	608.736728105015	657.353800418222	701.110682071065	756.770496256911	799.897334464075
14	414.964175927676	458.192861618277	513.984120914386	557.844337948738	606.576223373062	655.308108797385	699.168325831737	754.959585127846	798.188270818447
14.25	412.351167603759	455.681940485904	511.60495426132	555.568749887203	604.415718646636	653.262687406068	697.226483031951	753.149496807367	796.480269689512
14.5	409.737091823268	453.170192722043	509.225271787389	553.292890348121	602.255213925828	651.217537503534	695.285156064266	751.340235129612	794.773336028387
14.75	407.121943691468	450.657614536239	506.845071127333	551.016758086646	600.094709210654	649.172660334663	693.344347293976	749.531803885069	793.06747472984
15	404.505718555135	448.144202325009	504.464350032471	548.740351919173	597.934204500888	647.128057082603	691.404058969306	747.724206676768	791.362690446642
15.25	401.888411898602	445.629952591366	502.083106320532	546.463670696994	595.773699796181	645.083728895369	689.464293271831	745.917447000997	789.658987693761
15.5	399.270020155159	443.114862573172	499.701338267765	544.186713512684	593.613195096108	643.039676679533	687.525051924451	744.111527619044	787.956370037057
15.75	396.650540856983	440.598930359243	497.319044681388	541.909479738229	591.452690400156	640.995901062083	685.586336118924	742.306450441069	786.254839943329
16	394.029971477877	438.082153993187	494.936224340405	539.631968730766	589.292185707806	638.952402684845	683.648147075207	740.502217422425	784.554399937735
16.25	391.408309225898	435.564531312824	492.55287589541	537.354179779852	587.131681018548	636.909182257243	681.710486141685	738.698830724271	782.855052811197
16.5	388.785551242503	433.0460601044	490.168997964819	535.076112158109	584.971176331878	634.866240505647	679.773354698936	736.896292559356	781.156801421253
16.75	386.161694517624	430.526738036834	487.78458909386	532.797765099673	582.810671647358	632.823578195043	677.836754200857	735.094605257882	779.459648777092
17	383.536736143245	428.006562858083	485.399647877089	530.519137864657	580.650166964581	630.781196064506	675.900686052074	733.29377107108	777.763597785918
17.25	380.910674113494	425.48553301472	483.014173345011	528.24022994262	578.489662283151	628.739094623683	673.965151221292	731.493791551583	776.068650452809
17.5	378.28350674359	422.963647201971	480.628164683291	525.961040904786	576.329157602675	626.697274300563	672.030150522058	729.694668003378	774.374808461759
17.75	375.655235622188	420.440906650004	478.241622659428	523.681571154928	574.168652922798	624.655734690669	670.095683186169	727.896399195593	772.682070223408
18	373.025904194139	417.91734500222	475.854568267005	521.401831741992	572.008148243256	622.61446474452	668.161728219507	726.098951484293	770.990392292374
18.25	370.396312064034	415.393581468148	473.467387896355	519.12202602584	569.847643563767	620.573261101695	666.22789923118	724.301705659387	769.298975063501
18.5	367.766719933929	412.869817934075	471.080207525705	516.842220309688	567.687138884279	618.532057458869	664.294070242853	722.504459834482	767.607557834628
18.75	365.137127803824	410.346054400003	468.693027155055	514.562414593536	565.52663420479	616.490853816044	662.360241254525	720.707214009577	765.916140605756
19	362.507535673719	407.822290865931	466.305846784405	512.282608877384	563.366129525301	614.449650173218	660.426412266198	718.909968184671	764.224723376883
19.25	359.877943543614	405.298527331859	463.918666413755	510.002803161232	561.205624845813	612.408446530393	658.49258327787	717.112722359766	762.533306148011
19.5	357.248351413509	402.774763797786	461.531486043105	507.72299744508	559.045120166324	610.367242887568	656.558754289543	715.315476534861	760.841888919138
19.75	354.618759283405	400.251000263714	459.144305672454	505.443191728928	556.884615486835	608.326039244742	654.624925301216	713.518230709956	759.150471690265
20	351.9891671533	397.727236729642	456.757125301804	503.163386012776	554.724110807346	606.284835601917	652.691096312888	711.72098488505	757.459054461393
