age	C0.4	C2	C10	C25	C50	C75	C90	C98	C99.6
6	36633.8641774921	42602.9557314659	50306.7091380232	56363.0036302735	63091.9865046891	69820.9693791047	75877.263871355	83581.0172779123	89550.1088318861
6.25	36773.9125086627	42688.3621361209	50321.5942709355	56322.4485683739	62989.8333613354	69657.218154297	75658.0724517354	83291.30458655	89205.7542140082
6.5	36913.9608398333	42773.7685407759	50336.4794038477	56281.8935064743	62887.6802179818	69493.4669294893	75438.8810321158	83001.5918951876	88861.3995961302
6.75	37054.0091710039	42859.1749454309	50351.36453676	56241.3384445747	62785.5270746281	69329.7157046815	75219.6896124962	82711.8792038253	88517.0449782523
7	37193.7650966376	42944.3549127774	50366.1083714437	56200.7090164099	62683.37393128	69166.0388461501	75000.6394911164	82422.3929497827	88172.9827659225
7.25	37331.4314366066	43027.9167159856	50379.8424620743	56159.5481527537	62581.220787978	69002.8934232024	74782.5991138818	82134.5248599705	87831.0101393495
7.5	37466.857422202	43109.7436005745	50392.4939531827	56117.817509281	62479.067644784	68840.3177802869	74565.6413363852	81848.3916889934	87491.2778673659
7.75	37600.0466132311	43189.8383232865	50404.0645650698	56075.5179914958	62376.9145019032	68678.3110123107	74349.7644387366	81563.99068052	87153.7823905754
8	37731.0219792057	43268.2186716543	50414.5653973685	56032.6554413482	62274.7613596186	68516.8672778889	74134.9573218686	81281.3040475829	86818.5007400315
8.25	37859.8045222453	43344.9009097439	50424.0065991778	55989.2352006649	62172.6082185282	68355.9812363914	73921.2098378785	81000.3155273124	86485.411914811
8.5	37986.4150655831	43419.9011631353	50432.3982332519	55945.2625659186	62070.4550794198	68195.647592921	73708.5119255876	80721.0089957043	86154.4950932564
8.75	38110.8745418218	43493.2356420674	50439.7504151128	55900.7428612781	61968.3019429213	68035.8610245645	73496.8534707298	80443.3682437751	85825.7293440207
9	38233.2046746783	43564.9212137603	50446.0737441493	55855.6817586863	61866.1490062252	67876.6162537642	73286.2242683012	80167.3767986902	85499.0933377721
9.25	38353.4241979081	43634.9722536936	50451.3769710189	55810.0835868547	61763.99568494	67717.9077830253	73076.6143988611	79893.0191161864	85174.5671719719
9.5	38471.5555759963	43703.4062906222	50455.6712543865	55763.9544966112	61661.8425658232	67559.7306350352	72868.01387726	79620.2788410243	84852.1295556501
9.75	38587.6183856062	43770.2384410767	50458.9659545029	55717.2993229158	61559.6894559081	67402.0795889004	72660.4129573134	79349.1404707395	84531.7605262101
10	38701.6328287118	43835.4843499837	50461.2708349353	55670.1232057137	61457.5363579601	67244.9495102065	72453.801880985	79079.5883659365	84213.4398872084
10.25	38813.6188653968	43899.1594749484	50462.5955423576	55622.4312234234	61355.3832747345	67088.3353260456	72248.1710071115	78811.6070745207	83897.1476840723
10.5	38923.5961602327	43961.2790663822	50462.9496302335	55574.2284508617	61253.230304946	66932.2321590303	72043.5109796585	78545.1815435098	83582.8644496593
10.75	39031.5827894266	44021.8570568443	50462.3416833001	55525.5192685828	61151.0771579966	66776.6350474104	71839.8126326931	78280.2972591488	83270.5715265665
11	39137.5980501036	44080.9084564036	50460.7811787197	55476.308804063	61048.9241285455	66621.539453028	71637.0670783713	78016.9398006873	82960.2502069874
11.25	39241.6595596226	44138.44688546	50458.2765783877	55426.6014638467	60946.7711173478	66466.9407708489	71435.2656563078	77755.0953492355	82651.882675073
11.5	39343.7853168125	44194.4862823636	50454.8365801704	55376.4018260014	60844.6181250755	66312.8344241495	71234.3996699805	77494.7499677873	82345.4509333384
11.75	39443.993453711	44249.0406881571	50450.4699452422	55325.714500941	60742.4651503461	66159.2157997511	71034.4603554499	77235.8896125351	82040.9368469811
12	39542.3019148403	44302.1239985066	50445.1853437863	55274.5440508427	60640.3121910438	66006.0803312449	70835.4390383013	76978.5003835809	81738.3224672473
12.25	39638.7283904955	44353.7499118567	50438.9913223351	55222.8949720708	60538.1592435023	65853.4235149338	70637.3271646695	76722.5685751478	81437.590096509
12.5	39733.2903980235	44403.9319926383	50431.8963436573	55170.7717167297	60436.0063036868	65701.2408906438	70440.1162637162	76468.0806147352	81138.72220935
12.75	39826.0053086342	44452.6836919778	50423.9087995906	55118.1786993048	60333.8533669553	65549.5280346058	70243.7979343199	76215.0230419328	80841.7014252763
13	39916.8903749787	44500.0183595402	50415.0370025779	55065.1202722338	60231.7003858925	65398.2804995512	70048.3637692072	75963.3824122449	80546.5103968064
13.25	40005.9623423628	44545.9489969934	50405.2891227202	55011.6008072888	60129.5475120511	65247.4942168134	69853.805901382	75713.1460271088	80253.1326817394
13.5	40093.2381960603	44590.488707496	50394.6732528898	54957.6244585127	60027.3945231488	65097.1645877848	69660.1157934078	75464.3003388015	79961.5508502373
13.75	40178.7344071382	44633.6502747627	50383.1974178773	54903.1955094749	59925.2415459863	64947.2875824977	69467.2856740953	75216.8328172098	79671.7486848344
14	40262.4675360071	44675.4465156358	50370.8696030482	54848.3181472826	59823.0885475304	64797.8589477781	69275.3074920125	74970.730579425	79383.7095590537
14.25	40344.454035627	44715.8901706523	50357.6977576593	54792.9965545344	59720.9355253488	64648.8744961632	69084.1732930383	74725.9808800453	79097.4170150706
14.5	40424.7103287521	44754.9939572989	50343.6898171519	54737.2349072739	59618.7824785212	64500.3300497685	68893.8751398905	74482.5709997435	78812.8546282903
14.75	40503.252664419	44792.7704585905	50328.8536331462	54681.0373375418	59516.629406366	64352.2214751901	68704.4051795857	74240.4883541414	78530.0061483129
15	40580.0970502256	44829.2320711659	50313.1969419508	54624.4079179354	59414.4763108305	64204.5447037256	68515.7556797102	73999.7205504952	78248.8555714355
15.25	40655.2593426196	44864.391072837	50296.7274027638	54567.350676736	59312.3231859844	64057.2956952327	68327.918969205	73760.2552991318	77969.3870293492
15.5	40728.7553386114	44898.2596972882	50279.4526504149	54509.8696333907	59210.1700343218	63910.4704352529	68140.8874182286	73522.0803713554	77691.5847300322
15.75	40800.6007004902	44930.8500736059	50261.3802540132	54451.9687721887	59108.0168571371	63764.0649420855	67954.653460261	73285.1836406684	77415.4330137841
16	40870.8107418952	44962.1740608395	50242.5176140891	54393.6519886024	59005.8636555286	63618.0753224549	67769.2096969682	73049.5532502177	77140.9165691621
16.25	40939.400507841	44992.2433107521	50222.8720030498	54334.923112215	58903.7104338521	63472.4977554892	67584.5488646544	72815.1775569521	76868.0203598631
16.5	41006.3848763816	45021.0693458904	50202.4506128007	54275.7859304041	58801.5571968078	63327.3284632115	67400.6637808149	72582.0450477251	76596.729517234
16.75	41071.778558677	45048.6635596496	50181.2605548043	54216.2441883974	58699.403949492	63182.5637105866	67217.5473441797	72350.1443393344	76327.029340307
17	41135.5961209417	45075.0372329491	50159.3088699547	54156.3015937992	58597.2506959819	63038.1997981646	67035.192522009	72119.4641590147	76058.905271022
17.25	41197.8519719356	45100.2015242904	50136.602521946	54095.9618125617	58495.0974381994	62894.233063837	66853.5923544528	71889.9933521083	75792.3429044632
17.5	41258.5601842595	45124.1673317718	50113.1483118399	54035.2284248677	58392.9441776964	62750.6599305252	66672.740043553	71661.7210236211	75527.3281711334
17.75	41317.7968997202	45146.9936194753	50088.9830340207	53974.1207964256	58290.7909156578	62607.46103489	66492.5987972948	71434.5882118403	75263.7849315953
18	41376.652089715	45169.5244558041	50064.6333926815	53912.9161360181	58188.6376533513	62464.3591706845	66312.6419140212	71207.7508508985	75000.6232169876
