age	C0.4	C2	C10	C25	C50	C75	C90	C98	C99.6
5	996.833697968367	1056.88716324369	1134.39260666117	1195.32339783748	1263.02193047566	1330.72046311383	1391.65125429014	1469.15669770763	1529.21016298295
5.25	999.799760501346	1059.80384897003	1137.24556631817	1198.12625933811	1265.76912928737	1333.41199923664	1394.29269225658	1471.73440960472	1531.7384980734
5.5	1002.76582303432	1062.72053469638	1140.09852597517	1200.92912083874	1268.51632809909	1336.10353535945	1396.93413022302	1474.31212150181	1534.26683316386
5.75	1005.7318855673	1065.63722042272	1142.95148563216	1203.73198233936	1271.26352691081	1338.79507148226	1399.57556818945	1476.8898333989	1536.79516825431
6	1008.69794810028	1068.55390614906	1145.80444528916	1206.53484383999	1274.01072572253	1341.48660760506	1402.21700615589	1479.46754529599	1539.32350334477
6.25	1011.66401063326	1071.47059187541	1148.65740494616	1209.33770534061	1276.75792453424	1344.17814372787	1404.85844412233	1482.04525719308	1541.85183843522
6.5	1014.63007316624	1074.38727760175	1151.51036460315	1212.14056684124	1279.50512334596	1346.86967985068	1407.49988208877	1484.62296909017	1544.38017352568
6.75	1017.59613569922	1077.3039633281	1154.36332426015	1214.94342834187	1282.25232215768	1349.56121597349	1410.14132005521	1487.20068098726	1546.90850861614
7	1020.5620763546	1080.22053243059	1157.21617407382	1217.74618532966	1284.99942237914	1352.25265942862	1412.78267068447	1489.77831232769	1549.43676840369
7.25	1023.52690507399	1083.13602733659	1160.06799839787	1220.54795511868	1287.74557794573	1354.94320077277	1415.42315749358	1492.35512855486	1551.96425081747
7.5	1026.48945485219	1086.04928463102	1162.91763845065	1223.34758256983	1290.48963776549	1357.63169296116	1418.06163708033	1494.92999089997	1554.4898206788
7.75	1029.4472976233	1088.95787808517	1165.76267037457	1226.14264568956	1293.22918191597	1360.31571814239	1420.69569345738	1497.50048574677	1557.01106620864
8	1032.39754901408	1091.85892508796	1168.60021383278	1228.93026592892	1295.96133383471	1362.99240174051	1423.32245383665	1500.06374258146	1559.52511865534
8.25	1035.33703531412	1094.74925312984	1171.42709786557	1231.70727354661	1298.68292513414	1365.65857672167	1425.93875240271	1502.61659713844	1562.02881495416
8.5	1038.26241346016	1097.6255200203	1174.23998140883	1234.47032836401	1301.39061661949	1368.31090487497	1428.54125183015	1505.15571321868	1564.51881977882
8.75	1041.17034113283	1100.48438470406	1177.0355250387	1237.21609223982	1304.08107157448	1370.94605090914	1431.12661811026	1507.6777584449	1566.99180201613
9	1044.05748587498	1103.32251639137	1179.81040011741	1239.94123822804	1306.75096493277	1373.56069163751	1433.69152974814	1510.17941347417	1569.44444399057
9.25	1046.92026880812	1106.13633784905	1182.56103153518	1242.64219288821	1309.39672510866	1376.15125732912	1436.23241868214	1512.65711236828	1571.8731814092
9.5	1049.75476823379	1108.92192885563	1185.28350097683	1245.31503940374	1312.01443695061	1378.71383449748	1438.74537292439	1515.10694504559	1574.27410566743
9.75	1052.55725657271	1111.67556314858	1187.9740838792	1247.95605454747	1314.60037871581	1381.24470288415	1441.22667355241	1517.52519428303	1576.64350085891
10	1055.32494618693	1114.39445381	1190.62999425367	1250.56245306131	1317.15176595789	1383.74107885446	1443.6735376621	1519.90907810577	1578.97858572884
10.25	1058.05494145995	1117.07570578584	1193.24833777211	1253.13134118781	1319.66570555343	1386.20006991905	1446.08307333476	1522.25570532103	1581.27646964691
10.5	1060.74242302574	1119.71449985753	1195.82429540628	1255.65790004838	1322.13737879011	1388.61685753184	1448.45046217394	1524.56025772268	1583.53233455448
10.75	1063.38175565983	1122.30520175314	1198.35223411358	1258.13649756683	1324.56115466553	1390.98581176423	1450.77007521748	1526.81710757792	1585.74055367123
11	1065.96720509203	1124.84207586616	1200.82641656284	1260.56139505616	1326.93129298624	1393.30119091632	1453.03616940965	1529.02051010633	1587.89538088046
11.25	1068.49297982878	1127.31932967452	1203.24104890459	1262.92679762338	1329.24199769981	1395.55719777624	1455.24294649502	1531.1646657251	1589.99101557083
11.5	1070.95381693352	1129.73169861783	1205.59086448272	1265.22743696481	1331.48799867203	1397.74856037924	1457.38513286133	1533.24429872623	1592.02218041053
11.75	1073.34514484556	1132.07460907432	1207.87128701545	1267.4587347075	1333.66471520647	1399.87069570544	1459.4581433975	1535.25482133862	1593.98428556739
12	1075.6620392532	1134.34313432262	1210.0773866714	1269.61575857517	1335.76721231041	1401.91866604565	1461.45703794942	1537.19129029819	1595.87238536762
12.25	1077.89863786897	1136.53140890586	1212.20329390328	1271.69263580484	1337.789613648	1403.88659149116	1463.37593339272	1539.04781839014	1597.68058942703
12.5	1080.04902245262	1138.63351152295	1214.24308345965	1273.68343803953	1339.72598741175	1405.76853678397	1465.20889136384	1540.81846330055	1599.40295237088
12.75	1082.10760338587	1140.64385037314	1216.19116072309	1275.58256844744	1341.57073430958	1407.55890017172	1466.95030789607	1542.49761824602	1601.03386523329
13	1084.06907342651	1142.55711656845	1218.04221468153	1277.3847143467	1343.31853980431	1409.25236526193	1468.5948649271	1544.07996304017	1602.56800618212
13.25	1085.92948481316	1144.36936267853	1219.79229833184	1279.08592907004	1344.96545760185	1410.84498613365	1470.13861687185	1545.56155252516	1604.00143039053
13.5	1087.68591898175	1146.0776718963	1221.43849713458	1280.68329986068	1346.50857692609	1412.33385399149	1471.57865671759	1546.93948195587	1605.33123487042
13.75	1089.3371573268	1147.68082772185	1222.97959730728	1282.17561507249	1347.94668850452	1413.71776193654	1472.91377970176	1548.21254928718	1606.55621968224
14	1090.88379508358	1149.17942817627	1224.4162004664	1283.56347914844	1349.28039992054	1414.99732069265	1474.14459937469	1549.38137166481	1607.6770047575
14.25	1092.3274834133	1150.57512656322	1225.7499626807	1284.84855033104	1350.51137183191	1416.17419333278	1475.27278098312	1550.44761710059	1608.69526025052
14.5	1093.67152097047	1151.87122263719	1226.98418512427	1286.03413091042	1351.64290776872	1417.25168462702	1476.30163041317	1551.41459290025	1609.61429456697
14.75	1094.9202264132	1153.07203565853	1228.12318783476	1287.12454153529	1352.67932905863	1418.23411658196	1477.2354702825	1552.28662245873	1610.43843170406
15	1096.08049213247	1154.1844573745	1229.17386172865	1288.126672469	1353.6275252393	1419.1283780096	1478.08118874996	1553.0705931041	1611.17455834613
15.25	1097.15998530484	1155.21615409544	1230.14387199826	1289.04818802497	1354.49515964765	1419.94213127034	1478.84644729705	1553.77416519987	1611.83033399047
15.5	1098.16754084288	1156.17595864373	1231.04204876842	1289.89791620734	1355.29105793156	1420.68419965578	1479.5400670947	1554.40615721939	1612.41457502024
15.75	1099.11254339672	1157.07325326555	1231.87777118271	1290.68523372059	1356.02459408551	1421.36395445043	1480.17141698831	1554.97593490548	1612.9366447743
16	1100.00507276467	1157.91811600739	1232.66111502677	1291.42021457297	1356.70584014293	1421.99146571289	1480.75056525909	1555.49356427846	1613.40660752118
16.25	1100.85563332238	1158.72104983096	1233.4025814374	1292.11335846667	1357.34529421206	1422.57722995745	1481.28800698672	1555.96953859316	1613.83495510174
16.5	1101.67405973773	1159.4918882032	1234.11200233163	1292.77449610024	1357.95278563762	1423.131075175	1481.79356894362	1556.41368307205	1614.23151153752
16.75	1102.46939465759	1160.23967280895	1234.79841815271	1293.41266694086	1358.53735280231	1423.66203866376	1482.27628745191	1556.83503279567	1614.60531094703
17	1103.24947449876	1160.97223952135	1235.46966407209	1294.03570560835	1359.10682971304	1424.17795381773	1482.74399535398	1557.24141990473	1614.96418492731
17.25	1104.01973082143	1161.69502019044	1236.13117231393	1294.64904462097	1359.66664921486	1424.68425380875	1483.20212611579	1557.63827823929	1615.31356760829
17.5	1104.78473956117	1162.41259116267	1236.78751975495	1295.25726127233	1360.22138906455	1425.18551685678	1483.65525837415	1558.03018696644	1615.65803856794
17.75	1105.54698331236	1163.12743391193	1237.44118642294	1295.86283445334	1360.7735268899	1425.68421932647	1484.10586735687	1558.41961986788	1616.00007046745
18	1106.30874478952	1163.84180402213	1238.09439288681	1296.46795720595	1361.32522514837	1426.18249309079	1484.55605740994	1558.80864627461	1616.34170550722
18.25	1107.07050626669	1164.55617413233	1238.74759935067	1297.07307995855	1361.87692340684	1426.68076685512	1485.00624746301	1559.19767268135	1616.68334054699
18.5	1107.83226774386	1165.27054424252	1239.40080581454	1297.67820271116	1362.42862166531	1427.17904061945	1485.45643751607	1559.58669908809	1617.02497558675
18.75	1108.59402922103	1165.98491435272	1240.0540122784	1298.28332546376	1362.98031992377	1427.67731438378	1485.90662756914	1559.97572549482	1617.36661062652
19	1109.35579069819	1166.69928446292	1240.70721874227	1298.88844821637	1363.53201818224	1428.17558814811	1486.35681762221	1560.36475190156	1617.70824566628
19.25	1110.11755217536	1167.41365457312	1241.36042520613	1299.49357096898	1364.08371644071	1428.67386191244	1486.80700767528	1560.7537783083	1618.04988070605
19.5	1110.87931365253	1168.12802468331	1242.01363166999	1300.09869372158	1364.63541469917	1429.17213567677	1487.25719772835	1561.14280471503	1618.39151574582
19.75	1111.6410751297	1168.84239479351	1242.66683813386	1300.70381647419	1365.18711295764	1429.6704094411	1487.70738778142	1561.53183112177	1618.73315078558
20	1112.40283660686	1169.55676490371	1243.32004459772	1301.30893922679	1365.73881121611	1430.16868320542	1488.15757783449	1561.92085752851	1619.07478582535
