age	C0.4	C2	C10	C25	C50	C75	C90	C98	C99.6
5	335.359085247572	392.738223415357	466.792160623127	525.009555232243	589.693307288738	654.377059345232	712.594453954348	786.648391162118	844.027529329904
5.25	336.232417183889	393.146167499314	466.599471726241	524.344679594456	588.503797900542	652.662916206628	710.408124074842	783.861428301769	840.775178617194
5.5	337.105749120206	393.554111583271	466.406782829354	523.679803956668	587.314288512345	650.948773068023	708.221794195336	781.074465441419	837.522827904484
5.75	337.979081056524	393.962055667228	466.214093932468	523.01492831888	586.124779124149	649.234629929418	706.035464315831	778.28750258107	834.270477191775
6	338.852412992841	394.369999751185	466.021405035581	522.350052681093	584.935269735953	647.520486790813	703.849134436325	775.500539720721	831.018126479065
6.25	339.725744929158	394.777943835142	465.828716138694	521.685177043305	583.745760347757	645.806343652208	701.662804556819	772.713576860371	827.765775766355
6.5	340.599076865475	395.185887919099	465.636027241808	521.020301405518	582.55625095956	644.092200513603	699.476474677313	769.926614000022	824.513425053645
6.75	341.472408801793	395.593832003056	465.443338344921	520.35542576773	581.366741571364	642.378057374998	697.290144797807	767.139651139672	821.261074340936
7	342.343465821186	396.000014403312	465.249550146902	519.689971559899	580.177232183169	640.66449280644	695.104914219437	764.354449963027	818.010998545153
7.25	343.198261429268	396.39360405218	465.04790399694	519.020381655796	578.987722794993	638.95506393419	692.927541593046	761.581841537806	814.777184160718
7.5	344.035607164164	396.773680611041	464.837825598259	518.346353798934	577.79821340686	637.250073014785	690.75860121546	758.822746202678	811.560819649555
7.75	344.855510504874	397.140249871596	464.619318564923	517.66788989143	576.608704018789	635.549518146148	688.598089472655	756.077158165981	808.361897532704
8	345.658128498234	397.493433450096	464.392458786206	516.985029874363	575.419194630806	633.853359387248	686.445930475405	753.344955811515	805.180260763377
8.25	346.443599784466	397.833338708814	464.15731325683	516.297809007564	574.229685242972	632.161561478379	684.302057229113	750.626031777129	802.015770701477
8.5	347.212060086104	398.160070750501	463.913947561433	515.606261808563	573.040175855004	630.474089901445	682.166404148575	747.920280959507	798.868291623904
8.75	347.963644894863	398.473734488443	463.662427148553	514.910422700744	571.850666419091	628.790910137438	680.038905689629	745.227598349739	795.737687943319
9	348.698521814131	398.77446553296	463.402846338023	514.210353543484	570.661182728684	627.112011913885	677.919519119346	742.547899924409	792.623843643237
9.25	349.416728104384	399.062275346374	463.135183296876	513.506006328775	569.471647693405	625.437289058035	675.808112089934	739.881020040437	789.526567282426
9.5	350.118490773417	399.337357093234	462.859587511321	512.797496205161	568.282138310159	623.766780415157	673.704689108996	737.226919527084	786.445785846901
9.75	350.803908911741	399.599781721214	462.576093607679	512.084829244984	567.092628925743	622.100428606503	671.609164243808	734.585476130273	783.381348939745
10	351.473117134884	399.849653476405	462.284766637023	511.368039686212	565.903119542532	620.438199398851	669.52147244804	731.956585608658	780.333121950179
10.25	352.126250098758	400.087076635707	461.985671668874	510.647161775543	564.713610160824	618.780058546106	667.441548652774	729.340143685942	777.30097022289
10.5	352.76344266359	400.312155990222	461.678874686907	509.922230988246	563.524102358841	617.125973729436	665.369330030775	726.73604872746	774.284762054092
10.75	353.384826667444	400.524992563264	461.364436944686	509.19327731296	562.334591387614	615.475905462268	663.304745830542	724.144190211965	771.284356107785
11	353.990537510727	400.725692286641	461.042426341633	508.460338749997	561.145082027378	613.829825304758	661.247737713122	721.564471768114	768.299626544029
11.25	354.5807080328	400.914357664062	460.712906230041	507.723447872824	559.955572654087	612.187697435349	659.198239078133	718.996787644112	765.330437275374
11.5	355.155473350374	401.091093332694	460.375941909953	506.982639056661	558.766063283238	610.549487509814	657.156184656522	716.441033233781	762.376653216101
11.75	355.714970954553	401.256005764911	460.03159982074	506.237947268994	557.576553914767	608.915160560539	655.121508008793	713.897102064623	759.438136874981
12	356.259337979344	401.409201156531	459.679946229172	505.489407386426	556.387044548525	607.284681710623	653.094142867877	711.364887940518	756.514751117705
12.25	356.788711877244	401.55078594998	459.321047555843	504.73705436645	555.197535184212	605.658016001975	651.074022812582	708.844284418445	753.606358491181
12.5	357.303228985158	401.680865723757	458.954969682232	503.980922882789	554.008025821473	604.035128760156	649.061081960713	706.335185919188	750.712822657787
12.75	357.803024362095	401.799545066702	458.581777872152	503.221047283943	552.818516459647	602.41598563535	647.055255047142	703.837487852592	747.834008557198
13	358.288233120311	401.906929001681	458.201538314883	502.457463230228	551.629008839154	600.80055444808	645.056479363424	701.351088676627	744.969784557996
13.25	358.75898172432	402.003114010154	457.814308795536	501.690198085672	550.439496523995	599.188794962318	643.064684252454	698.875879037837	742.120011323671
13.5	359.215407766729	402.088208642292	457.420160381899	500.919293451346	549.249988375575	597.580683299803	641.07981636925	696.411768108857	739.284568984421
13.75	359.657636823965	402.162308929654	457.019150974709	500.144777251495	548.060479012079	595.976180772664	639.10180704945	693.958649094504	736.463321200193
14	360.085799576203	402.22551634395	456.611344349014	499.366683625993	546.870969646555	594.375255667118	637.130594944097	691.516422949161	733.656139716908
14.25	360.500024771986	402.277930587276	456.196802719352	498.585045318588	545.681460278563	592.777875238538	635.166117837773	689.08498996985	730.862895785139
14.5	360.900440386894	402.319650763175	455.775587926808	497.799894876537	544.491950907789	591.18400693904	633.208313888769	686.664251052402	728.083461428683
14.75	361.287173007909	402.350774899886	455.347761141492	497.011264493988	543.302441533982	589.593618573976	631.257121926471	684.254108168077	725.317710060054
15	361.660347465901	402.37139966511	454.913382683515	496.219185916445	542.112932154186	588.006678391928	629.312481624858	681.854464643262	722.565516842471
15.25	362.020087716077	402.381621050603	454.472512454796	495.423690673856	540.923422775028	586.423154876201	627.374333095261	679.465224499453	719.826757833979
15.5	362.366517514669	402.381534891695	454.025210255746	494.624810237832	539.733913392767	584.843016547701	625.442616529787	677.086291893838	717.101309270864
15.75	362.699759615528	402.371236247861	453.571535403272	493.822575826313	538.544404005348	583.266232184383	623.517272607424	674.717571762835	714.389048395167
16	363.019932668404	402.350817001266	453.111545233102	493.017017616395	537.354894614657	581.692771612919	621.598243996213	672.358972228048	711.68985656091
16.25	363.327152212297	402.320366624793	452.64529557699	492.20816499291	536.165385221075	580.122605449239	619.685474865159	670.010403817356	709.003618229852
16.5	363.621531591705	402.279972891948	452.172841206338	491.396046782702	534.975875825157	578.555704867613	617.778910443976	667.671778758366	706.33022005861
16.75	363.903181871959	402.229721811301	451.694235791273	490.580691233077	533.786366427614	576.99204162215	615.878497063954	665.343011043926	703.669550983269
17	364.172211832361	402.169697621107	451.209531897195	489.762126009869	532.596857029048	575.431588048228	613.984182160902	663.02401643699	701.021502225736
17.25	364.428726784238	402.099981873986	450.718780413563	488.940377896737	531.407347629828	573.87431736292	612.095914846094	660.714713385671	698.385968475419
17.5	364.672829233556	402.020653950089	450.222030874179	488.115472963819	530.217838230258	572.320203496697	610.213645586337	658.415022510427	695.762847226959
17.75	364.905120460835	401.932179477923	449.71957383407	487.287564132381	529.028328830502	570.769093528623	608.337083826934	656.124478183081	693.151537200168
18	365.134348044262	401.841332536064	449.215636358715	486.458876137275	527.838819430714	569.218762724153	606.462002502713	653.836306325364	690.543290817167
18.25	365.363575627688	401.750485594206	448.711698883361	485.63018814217	526.649310030927	567.668431919683	604.586921178493	651.548134467648	687.935044434165
18.5	365.592803211115	401.659638652347	448.207761408006	484.801500147064	525.459800631139	566.118101115214	602.711839854272	649.259962609931	685.326798051163
18.75	365.822030794541	401.568791710488	447.703823932651	483.972812151959	524.270291231351	564.567770310744	600.836758530051	646.971790752214	682.718551668162
19	366.051258377968	401.47794476863	447.199886457297	483.144124156853	523.080781831564	563.017439506275	598.961677205831	644.683618894498	680.11030528516
19.25	366.280485961394	401.387097826771	446.695948981942	482.315436161747	521.891272431776	561.467108701805	597.08659588161	642.395447036781	677.502058902158
19.5	366.50971354482	401.296250884912	446.192011506588	481.486748166642	520.701763031989	559.916777897335	595.21151455739	640.107275179065	674.893812519157
19.75	366.738941128247	401.205403943054	445.688074031233	480.658060171536	519.512253632201	558.366447092866	593.336433233169	637.819103321348	672.285566136155
20	366.968168711673	401.114557001195	445.184136555878	479.829372176431	518.322744232413	556.816116288396	591.461351908949	635.530931463632	669.677319753153
