age	C0.4	C2	C10	C25	C50	C75	C90	C98	C99.6
6	603.092662802573	786.730033684395	1023.73377348468	1210.05391747753	1417.06912449741	1624.08433151729	1810.40447551014	2047.40821531042	2231.04558619225
6.25	601.334650679117	784.113985198097	1020.01033696564	1205.45990947346	1411.50784836904	1617.55578726462	1803.00535977244	2038.90171153998	2221.68104605896
6.5	599.572279156892	781.494319068208	1016.2842401177	1200.86399373202	1405.94550068714	1611.02700764226	1795.60676125659	2030.39668230607	2212.31872221739
6.75	597.790597212419	778.858627984604	1012.54635856586	1196.2596267529	1400.37840549052	1604.49718422815	1788.21045241519	2021.89818299644	2202.96621376863
7	595.980223599015	776.198782033406	1008.79017737556	1191.64156321514	1394.80272809116	1597.96389296717	1780.81527880676	2013.40667414891	2193.6252325833
7.25	594.13943604734	773.512511083061	1005.01271934024	1187.00627004623	1389.21431780906	1591.42236557189	1773.41591627789	2004.91612453507	2184.28919957079
7.5	592.26379363081	770.795355715311	1001.20950117617	1182.3492452006	1383.60865175293	1584.86805830525	1766.00780232969	1996.42194779054	2174.95350987504
7.75	590.348368212276	768.042369585909	997.37555304087	1177.66550036269	1377.98072108226	1578.29594180182	1758.58588912364	1987.9190725786	2165.61307395224
8	588.388761046018	765.249133070208	993.506428363211	1172.95056777742	1372.32603450506	1571.7015012327	1751.14564064691	1979.40293593992	2156.26330796411
8.25	586.382148737572	762.412802445705	989.599257185163	1168.20155686175	1366.64167852241	1565.08180018308	1743.68409985966	1970.87055459912	2146.90120830725
8.5	584.32783028743	759.532655162356	985.65328914341	1163.41769538699	1360.92685661161	1558.43601783624	1736.20042407982	1962.32105806087	2137.5258829358
8.75	582.225943852395	756.608805984753	981.668608812377	1158.59904419361	1355.18160324299	1551.76416229238	1728.69459767361	1953.75440050124	2128.13726263359
9	580.078493802413	753.643231585806	977.647157118983	1153.74751610689	1349.40780001883	1545.06808393077	1721.16844291867	1945.17236845185	2118.73710623524
9.25	577.887073663735	750.637497681081	973.590463886114	1148.86461273271	1343.60691719391	1538.34922165512	1713.62337050171	1936.57633670674	2109.32676072409
9.5	575.649203097884	747.589097731355	969.495988759674	1143.94776713348	1337.77635829443	1531.60494945537	1706.05672782918	1927.9636188575	2099.90351349097
9.75	573.360509534709	744.493633841281	965.359301159434	1138.99252303379	1331.91163849577	1524.83075395774	1698.4639758321	1919.32964315025	2090.46276745682
10	571.010369624569	741.34045992243	961.169725650115	1133.98818192739	1326.00203365813	1518.01588538888	1690.83434166615	1910.66360739383	2080.9936976917
10.25	568.58175339578	738.112525854674	956.91018610786	1128.91764724761	1320.03042450145	1511.14320175528	1683.15066289503	1901.94832314822	2071.47909560711
10.5	566.056393219373	734.791545230578	952.562371889608	1123.7625892986	1313.9784601608	1504.194331023	1675.39454843199	1893.16537509102	2061.90052710222
10.75	563.413484424295	731.356697723761	948.105442464097	1118.50215166506	1307.82526657257	1497.14838148008	1667.54509068104	1884.29383542138	2052.23704872084
11	560.632388525164	727.787329825338	943.518724932999	1113.11564620567	1301.55013865939	1489.98463111311	1659.58155238578	1875.31294749344	2042.46788879362
11.25	557.697138900646	724.067460556039	938.786219786585	1107.58705884302	1295.13704615807	1482.68703347312	1651.48787252956	1866.20663176011	2032.5769534155
11.5	554.59410294691	720.183443334949	933.894262405015	1101.90271077599	1288.57229451108	1475.24187824616	1643.25032661714	1856.96114568721	2022.55048607525
11.75	551.313570886823	716.125556364786	928.833115477712	1096.05285249825	1281.8461206617	1467.63938882516	1634.8591258457	1847.56668495862	2012.37867043659
12	547.850587076966	711.888834307217	923.597801154018	1090.0324963226	1274.95352599363	1459.87455566467	1626.30925083325	1838.01821768005	2002.0564649103
12.25	544.200775523591	707.468891008507	918.183920167642	1083.83723267432	1267.89008947876	1451.94294628319	1617.59625878987	1828.31128794901	1991.57940343392
12.5	540.360655238987	702.862233442413	912.587963955323	1077.46354077575	1260.65227676832	1443.84101276089	1608.71658958132	1818.44232009423	1980.94389829765
12.75	536.327232524058	698.065855214483	906.806909737893	1070.90838496691	1253.23703789081	1435.5656908147	1599.66716604372	1808.40822056713	1970.14684325756
13	532.100543263463	693.079776806394	900.840758117822	1064.17175022226	1245.64434045683	1427.1169306914	1590.44792279583	1798.20890410726	1959.18813765019
13.25	527.682474836888	687.905868706921	894.691357784357	1057.25546809336	1237.87599697676	1418.49652586017	1581.06063616917	1787.84612524661	1948.06951911664
13.5	523.080696219476	682.55178355283	888.366340287827	1050.16715355349	1229.93960400555	1409.71205445761	1571.51286772328	1777.32742445827	1936.79851179163
13.75	518.31134585013	677.033644232632	881.881808447302	1042.92289364415	1221.85123105467	1400.7795684652	1561.82065366204	1766.66881787671	1925.39111625922
14	513.392371795305	671.369383581864	875.255675441178	1035.5405860903	1213.62875867921	1391.71693126813	1552.00184191725	1755.88813377656	1913.86514556312
14.25	508.346287530541	665.581500714976	868.510421849377	1028.04269690097	1205.29463669888	1382.54657649678	1542.07885154838	1745.00777268278	1902.24298586721
14.5	503.19688673962	659.693775266075	861.669809173396	1020.45297332274	1196.87259652198	1373.29221972123	1532.07538387057	1734.05141777789	1890.54830630435
14.75	497.969584306805	653.731608962894	854.759222161051	1012.79678675468	1188.3879947162	1363.97920267771	1522.01676727134	1723.0443804695	1878.80640512559
15	492.690900403643	647.721509421338	847.805152223842	1005.10061586923	1179.86729579992	1354.6339757306	1511.92943937599	1712.01308217849	1867.04369119619
15.25	487.385942638004	641.688570959939	840.832676528986	997.389524350118	1171.33554847575	1345.28157260138	1501.83842042251	1700.98252599156	1855.28515431349
15.5	482.077278283587	635.655346258409	833.864328921089	989.686031234761	1162.81525532924	1335.94447942373	1491.7661817374	1689.97516440008	1843.5532323749
15.75	476.784768104238	629.641681389974	826.919936513553	982.009948731325	1154.32621200777	1326.64247528421	1481.73248750199	1679.01074262556	1831.8676559113
16	471.516109251996	623.6552588239	820.007162825949	974.368925462103	1145.87605058166	1317.38317570122	1471.74493833738	1668.09684233943	1820.23599191133
16.25	466.274950317147	617.699712461021	813.129622800798	966.766561465568	1137.46835452992	1308.17014759427	1461.80708625904	1657.23699659881	1808.66175874269
16.5	461.060308867072	611.774044493836	806.28629878766	959.201823491782	1129.10207327042	1299.00232304905	1451.91784775318	1646.430102047	1797.14383767376
16.75	455.867353978037	605.873408077755	799.472323394377	951.669827995144	1120.77230530992	1289.87478262469	1442.07228722546	1635.67120254208	1785.6772566418
17	450.689910405719	599.991611621781	792.68148393281	944.164345702032	1112.47280294712	1280.7812601922	1432.26412196142	1624.95399427245	1774.25569548851
17.25	445.519177008362	594.119836693542	785.904939655191	936.67651832146	1104.19468839924	1271.71285847702	1422.48443714329	1614.26954010494	1762.87019979012
17.5	440.346522690265	588.249434959912	779.13401998165	929.197657784311	1095.92925416535	1262.6608505464	1412.72448834906	1603.60907337079	1751.51198564044
17.75	435.166437317163	582.374880749336	772.363179188089	921.722202602211	1087.67092124182	1253.61963988143	1402.97866329555	1592.96696173431	1740.17540516648
18	429.981071286926	576.49671459619	765.590880107233	914.246982225768	1079.41470427313	1244.5824263205	1393.23852843903	1582.33269395008	1728.84833725934
