age	C0.4	C2	C10	C25	C50	C75	C90	C98	C99.6
6	376.996592714634	616.863889719233	926.438385220264	1169.80992284609	1440.21337018504	1710.61681752399	1953.98835514981	2263.56285065084	2503.43014765544
6.25	432.342484289574	669.841137937791	976.358644923793	1217.32693549206	1485.06020087174	1752.79346625141	1993.76175681968	2300.27926380568	2537.7779174539
6.5	487.745645469207	722.879989506958	1026.34610114225	1264.91554171092	1529.98351058194	1795.05147945296	2033.62092002163	2337.08703165692	2572.22137569467
6.75	543.402465359095	776.191695269919	1076.63118538655	1312.82125186753	1575.24556338199	1837.66987489645	2073.85994137743	2374.29943149406	2607.08866140489
7	599.359072925288	829.829622545329	1127.27660684641	1361.11411924987	1620.92457238624	1880.73502552261	2114.57253792608	2412.01952222715	2642.4900718472
7.25	655.298921940135	883.473871514578	1177.95813753408	1409.46651328637	1666.68912650545	1923.91173972453	2155.42011547682	2449.90438149632	2678.07933107076
7.5	710.872641770794	936.774839367384	1228.32587498937	1457.5282959475	1712.18882597544	1966.84935600339	2196.05177696151	2487.6028125835	2713.50501018009
7.75	765.619661317201	989.271730289141	1277.91873337945	1504.83815340299	1756.96210364428	2009.08605388557	2236.00547390912	2524.65247699942	2748.30454597136
8	819.124058307059	1040.54838588687	1326.32024957223	1550.97938295058	1800.59199062982	2050.20459830906	2274.86373168742	2560.63559537278	2782.05992295259
8.25	871.152255590774	1090.37100205113	1373.29632654225	1595.71765728931	1842.84390377829	2089.97015026727	2312.39148101433	2595.31680550545	2814.53555196581
8.5	921.717045861746	1138.75214419652	1418.8592363764	1639.0650179069	1883.72962836502	2128.39423882313	2348.60002035364	2628.70711253351	2845.74221086829
8.75	970.805193332214	1185.67835011446	1462.99522464572	1681.00748064578	1923.23492498725	2165.46236932872	2383.47462532878	2660.79149986004	2875.66465664228
9	1018.3477442341	1231.08043794815	1505.63481512045	1721.47533785532	1961.28982886897	2201.10431988262	2416.94484261749	2691.49921978979	2904.23191350384
9.25	1064.16832455613	1274.7818076883	1546.6011161166	1760.29146855186	1997.71696425797	2235.14245996408	2448.83281239934	2720.65212082764	2931.26560395981
9.5	1107.47301243417	1315.98831409341	1585.09969410019	1796.66121256074	2031.72141916531	2266.78162576987	2478.34314423042	2747.45452423721	2955.96982589645
9.75	1147.19695756186	1353.63488625399	1620.06519344972	1829.51899043452	2062.23736545666	2294.95574047881	2504.40953746361	2770.83984465934	2977.27777335147
10	1181.70823765038	1386.08938798635	1649.8652019272	1857.23217291552	2087.63193274975	2318.03169258399	2525.39866357231	2789.17447751316	2993.55562784913
10.25	1208.79346755769	1411.13822685303	1672.28585955817	1877.58668970547	2105.69081706128	2333.79494441708	2539.09577456438	2800.24340726952	3002.58816656486
10.5	1226.38765580139	1426.71620779633	1685.26170854917	1888.51687646157	2114.34812455711	2340.17937265265	2543.43454056505	2801.98004131789	3002.30859331283
10.75	1232.89420923949	1431.22653993079	1687.19570280557	1888.42548645686	2112.00638559321	2335.58728472957	2536.81706838086	2792.78623125563	2991.11856194693
11	1226.95186352873	1423.3077641846	1676.72613193744	1875.95061172806	2097.30347268799	2318.65633364791	2517.88081343853	2771.29918119138	2967.65508184725
11.25	1208.44517906233	1402.84425198876	1653.73712349976	1850.97618810736	2070.12310865566	2289.27002920396	2486.50909381156	2737.40196532256	2931.80103824899
11.5	1177.87704055412	1370.33870268366	1618.73113758861	1814.00448760927	2030.96735653847	2247.93022546767	2443.20357548833	2691.59601039328	2884.05767252282
11.75	1136.64995423844	1327.19344118002	1573.1102650971	1766.43741715431	1981.23791885004	2196.03842054577	2389.36557260298	2635.28239652006	2825.82588346164
12	1087.25599262361	1275.90036309072	1519.36617333556	1710.76646457308	1923.42608400596	2136.08570343884	2327.48599467635	2570.95180492119	2759.5961753883
12.25	1032.15594457846	1218.92008126734	1459.95924798642	1649.45183695933	1859.99186067497	2070.53188439062	2260.02447336352	2501.0636400826	2687.82777677148
12.5	973.476583789184	1158.37919260748	1397.01585778261	1584.61972367465	1793.06123892412	2001.50275417359	2189.10662006563	2427.74328524076	2612.64589405906
12.75	913.334022224622	1096.39363296595	1332.65171128487	1518.3856545929	1724.74955009313	1931.11344559336	2116.84738890139	2353.10546722031	2536.16507796163
13	854.421778324256	1035.65674288179	1269.55991943266	1453.44256015415	1657.74952407416	1862.05648799418	2045.93912871566	2279.84230526653	2461.07726982407
13.25	799.757622760015	979.186114867128	1210.75784480372	1392.80762217356	1595.07814184203	1797.34866151051	1979.39843888034	2210.97016881693	2390.39866092405
13.5	751.958934589208	929.598952083813	1158.86246354796	1339.09763833592	1539.35200279383	1739.60636725174	1919.8415420397	2149.10505350385	2326.74507099845
13.75	713.0486690908	888.918036454058	1115.89633385207	1294.3349909386	1492.59329380109	1690.85159666358	1869.29025375012	2096.26855114812	2272.13791851138
14	684.476204670083	858.592574559451	1083.30844054071	1259.96849047236	1456.25063165697	1652.53277284159	1829.19282277324	2053.90868875449	2228.02505864386
14.25	665.568594732826	837.94944915528	1060.42544612641	1235.32462630619	1429.65031335544	1623.97600040469	1798.87518058448	2021.3511775556	2193.73203197806
14.5	655.050917940912	825.713569446987	1045.97204111288	1219.12791701178	1411.51666643919	1603.9054158666	1777.06129176551	1997.3197634314	2167.98241493747
14.75	650.807330427877	819.76892042298	1037.83198960737	1209.26195305096	1399.73308843742	1590.20422382387	1761.63418726747	1979.69725645185	2148.65884644696
15	650.144841898298	817.422340076747	1033.31190799177	1203.033176586	1391.60582794172	1580.17847929744	1749.89974789168	1965.7893158067	2133.06681398515
15.25	650.763293295975	816.373498330384	1030.11124546632	1198.14086329697	1384.83396783866	1571.52707238036	1739.55669021101	1953.29443734694	2118.90464238135
15.5	651.078573870621	815.038113417435	1026.64549954983	1193.0003371881	1377.83263934522	1562.66494150233	1729.0197791406	1940.627165273	2104.58670481981
15.75	649.920250385064	812.245582732204	1021.74384904835	1186.44060522261	1369.43065849472	1552.42071176682	1717.11746794109	1926.61573425723	2088.94106660437
16	647.810454450493	808.517870399549	1015.92804192764	1178.98324543312	1360.14941451171	1541.3155835903	1704.37078709578	1911.78095862387	2072.48837457293
16.25	645.782516213301	804.888140911966	1010.23102888607	1171.66104044404	1351.02150327825	1530.38196611246	1691.81197767043	1897.15486564453	2056.2604903432
16.5	644.637709861575	802.157505167793	1005.45371007902	1165.27472473548	1342.84747519721	1520.42022565894	1680.24124031541	1883.53744522663	2041.05724053285
16.75	644.983186060201	800.932952759832	1002.20286721847	1160.43091659425	1336.23376697813	1512.03661736201	1670.26466673778	1871.53458119643	2027.48434789606
17	647.164967961447	801.560348321054	1000.82416035125	1157.47511523203	1331.5256991332	1505.57628303437	1662.22723791514	1861.49104994534	2015.88643030495
17.25	650.98301151757	803.839492757078	1001.11719027862	1156.20676413837	1328.52254036722	1500.83831659607	1655.92789045582	1853.20558797736	2006.06206921687
17.5	656.138403970913	807.471320106223	1002.78269331268	1156.32644418316	1326.92469884252	1497.52295350189	1651.06670437237	1846.37807757882	1997.71099371413
17.75	662.157579090782	811.982118011757	1005.34676850534	1157.36010615753	1326.25796062172	1495.1558150859	1647.16915273809	1840.53380323167	1990.35834215265
18	668.432268282056	816.756134797475	1008.184006461	1158.67474826384	1325.8808881973	1493.08702813076	1643.5777699336	1835.00564159712	1983.32950811254
