age	C0.4	C2	C10	C25	C50	C75	C90	C98	C99.6
6	243.719860101174	392.861217267357	585.344148369778	736.66432361001	904.792024310168	1072.91972501033	1224.23990025056	1416.72283135298	1565.86418851916
6.25	244.182555956835	392.758691122239	584.512142558518	735.258838424331	902.749361904289	1070.23988538425	1220.98658125006	1412.74003268634	1561.31616785174
6.5	244.643498867527	392.654807505753	583.679289677024	733.852907419525	900.706699498392	1067.56049157726	1217.73410931976	1408.75859149103	1556.76990012926
6.75	245.096677430208	392.544911218985	582.842684853395	732.445001740715	898.664037092418	1064.88307244412	1214.48538933144	1404.78316296585	1552.23139675463
7	245.539135162075	392.426712777188	582.00089943547	731.034369478023	896.621374686293	1062.20837989456	1211.24184993712	1400.8160365954	1547.70361421051
7.25	245.972169683068	392.301217050403	581.15456046812	729.621340649613	894.578712279948	1059.53608391028	1208.00286409178	1396.85620750949	1543.18525487683
7.5	246.395828609521	392.168460912452	580.303690960804	728.205927365495	892.536049873314	1056.86617238113	1204.76840878582	1392.90363883418	1538.67627113711
7.75	246.810162742249	392.02848370321	579.448315461826	726.788142545598	890.493387466354	1054.19863238711	1201.53845947088	1388.9582912295	1534.17661219046
8	247.21522985741	391.88133016422	578.588461890157	725.368000883859	888.450725059025	1051.53344923419	1198.31298822789	1385.02011995383	1529.68622026064
8.25	247.611085600832	391.727043387308	577.724157135335	723.945516532406	886.408062651272	1048.87060877014	1195.09196816721	1381.08908191524	1525.20503970171
8.5	247.997787285944	391.565667755675	576.855428892713	722.520704067465	884.365400243022	1046.21009641858	1191.87537159333	1377.16513273037	1520.7330132001
8.75	248.375388354296	391.397244654151	575.982302986632	721.093577080525	882.322737834168	1043.55189858781	1188.6631726817	1373.24823101418	1516.27008731404
9	248.743934624122	391.221809564104	575.104801557623	719.664147224234	880.280075424566	1040.8960036249	1185.45534929151	1369.33834128503	1511.81621622501
9.25	249.10347068364	391.039397014384	574.222946151844	718.232425838426	878.237413014083	1038.24240018974	1182.25187987632	1365.43542901378	1507.37135534453
9.5	249.454041060317	390.850041486808	573.336758286119	716.798424247516	876.194750602623	1035.59107695773	1179.05274291913	1361.53945971844	1502.93546014493
9.75	249.795690089004	390.65377731404	572.446259384219	715.362153726967	874.152088190146	1032.94202265332	1175.85791699607	1357.65039906625	1498.50848629129
10	250.128462038845	390.450638777893	571.55147083823	713.923625535626	872.109425776732	1030.29522601784	1172.66738071523	1353.76821277557	1494.09038951462
10.25	250.452401115361	390.240660110939	570.65241400957	712.482850916268	870.066763362612	1027.65067580896	1169.48111271565	1349.89286661429	1489.68112560986
10.5	250.767553468007	390.023877051107	569.749111198969	711.039841605993	868.024100947925	1025.00836028986	1166.29909069688	1346.02432484474	1485.28064842784
10.75	251.073970853681	389.800329678654	568.841587416728	709.594610767878	865.98143853262	1022.36826629736	1163.12128964851	1342.16254738659	1480.88890621156
11	251.371705517435	389.570058451849	567.929867909011	708.14717168911	863.938776116593	1019.73038054408	1159.94768432418	1338.30749378134	1476.50584671575
11.25	251.66080862118	389.333102990147	567.013977398489	706.697537381276	861.89611369957	1017.09469001786	1156.77825000065	1334.45912440899	1472.13141877796
11.5	251.941330319944	389.089502133259	566.093940121242	705.245720599834	859.853451281202	1014.46118196257	1153.61296244116	1330.61740042914	1467.76557224246
11.75	252.213310406486	388.839286696455	565.169775306131	703.791731465006	857.810788861349	1011.82984625769	1150.45180241657	1326.78229102624	1463.40826731621
12	252.476776362356	388.582477961325	564.241496233027	702.335576966123	855.7681264401	1009.20067591408	1147.29475664717	1322.95377491888	1459.05947651784
12.25	252.731753109532	388.31909522735	563.309114944979	700.877263441602	853.725464017608	1006.57366459361	1144.14181309024	1319.13183280787	1454.71917492568
12.5	252.978259909696	388.049153410749	562.372640749918	699.416795790425	851.682801594194	1003.94880739796	1140.99296243847	1315.31644977764	1450.38734327869
12.75	253.21631476866	387.772666455204	561.432082348912	697.954178592185	849.640139170195	1001.3260997482	1137.84819599148	1311.50761188519	1446.06396357173
13	253.445934137366	387.489647100279	560.487447691591	696.489416030916	847.597476745792	998.705537460668	1134.70750579999	1307.70530639131	1441.74901935422
13.25	253.66713361732	387.200107427716	559.538744317068	695.022512074547	845.554814321069	996.087116567591	1131.57088432507	1303.90952121442	1437.44249502482
13.5	253.879928026625	386.904058912561	558.58597938581	693.553470491647	843.512151895952	993.470833300257	1128.43832440609	1300.12024487934	1433.14437576528
13.75	254.084331009262	386.601512120583	557.629159490826	692.082294752045	841.469489470189	990.856684188334	1125.30981944955	1296.3374668198	1428.85464793112
14	254.280355584145	386.292477133486	556.668290923035	690.608988166538	839.426827043447	988.244665920356	1122.18536316386	1292.56117695341	1424.57329850275
14.25	254.468012237773	385.976962071845	555.703378749532	689.133553401736	837.384164615219	985.634775828701	1119.0649504809	1288.79136715859	1420.30031699266
14.5	254.647311110291	385.654974788014	554.734427870032	687.655993036138	835.341502184967	983.027011333797	1115.9485764999	1285.02802958192	1416.03569325964
14.75	254.818264257275	385.326524617683	553.761444109921	686.17631013551	833.29883975232	980.421369369131	1112.83623539472	1281.27115488696	1411.77941524737
15	254.980885118287	384.991621968324	552.784433963431	684.694508117697	831.256177317032	977.817846516367	1109.72792067063	1277.52073266574	1407.53146951578
15.25	255.13518993668	384.650279418677	551.803405279727	683.210591113716	829.213514878987	975.216438644258	1106.62362447825	1273.7767503393	1403.29183982129
15.5	255.281199698523	384.302513220272	550.818368199909	681.724564460959	827.170852438311	972.617140415662	1103.52333667671	1270.03919165635	1399.0605051781
15.75	255.418936834584	383.948340743423	549.829333563232	680.236433864301	825.128189995208	970.019946126115	1100.42704642718	1266.30803924699	1394.83744315583
16	255.548428417849	383.587782953409	548.836314452321	678.746206209429	823.085527550117	967.424848890805	1097.33474064791	1262.58327214683	1390.62262668238
16.25	255.669702530005	383.220861596655	547.839324437266	677.25388863862	821.042865103549	964.831841568478	1094.24640576983	1258.86486861044	1386.41602767709
16.5	255.782781058157	382.847593622514	546.838374094725	675.759486718644	819.000202655926	962.240918593208	1091.16203121713	1255.15281168934	1382.2176242537
16.75	255.887680855069	382.467992081757	545.833471568583	674.26300473585	816.957540207591	959.652075679332	1088.0816088466	1251.44708833342	1378.02739956011
17	255.984419567151	382.082070639736	544.824625386213	672.764447178391	814.914877758834	957.065308339276	1085.00513013145	1247.74768487793	1373.84533595052
17.25	256.073016736055	381.689844429449	543.811844990769	671.263819016363	812.872215309855	954.480611603348	1081.93258562894	1244.05458619026	1369.67141388365
17.5	256.153493209635	381.2913295954	542.795140456582	669.761125552035	810.82955286082	951.897980169605	1078.86396526506	1240.36777612624	1365.505612512
17.75	256.225873373314	380.886545021546	541.77452356737	668.256372987287	808.786890411778	949.31740783627	1075.79925725619	1236.68723580201	1361.34790745024
18	256.294128926557	380.478566371062	540.751913555295	666.750571427725	806.74422796273	946.737884497735	1072.73654237017	1233.0098895544	1357.1943269989
