age	C0.4	C2	C10	C25	C50	C75	C90	C98	C99.6
6	118.497071167819	316.850279520166	572.846387257651	774.097353573417	997.70178818789	1221.30622280236	1422.55718911813	1678.55329685561	1876.90650520796
6.25	118.792262326748	315.77614470117	570.004990272923	769.866626017494	991.927413500467	1213.98820098344	1413.84983672801	1668.07868229976	1865.06256467419
6.5	119.079879086084	314.696144306636	567.159933133535	765.633972095313	986.153038811577	1206.67210552784	1405.14614448962	1657.60993331652	1853.22619853707
6.75	119.333946731557	313.590163653312	564.298664155313	761.392785763383	980.378664116187	1199.36454246899	1396.45866407706	1647.16716457906	1841.42338150082
7	119.542183714476	312.448691972665	561.415248558947	757.139943501101	974.604289406218	1192.06863531133	1387.79333025349	1636.75988683977	1829.66639509796
7.25	119.711443825965	311.277036801158	558.512998273279	752.877188393293	968.82991466689	1184.78264094049	1379.1468310605	1626.38279253262	1817.94838550782
7.5	119.843050402167	310.076222919423	555.592552761006	748.604856985521	963.055539880841	1177.50622277616	1370.51852700068	1616.03485684226	1806.26802935951
7.75	119.938251001244	308.847216423971	552.654514862161	744.32326654427	957.28116502161	1170.23906349895	1361.90781518106	1605.71511361925	1794.62407904198
8	119.998130878961	307.590857724712	549.699408986799	740.032693056768	951.506790060631	1162.98088706449	1353.31417113446	1595.42272239655	1783.0154492423
8.25	120.023368380588	306.307672122405	546.727562915305	735.73330902305	945.73241497019	1155.73152091733	1344.73726702508	1585.15715781798	1771.44146155979
8.5	120.014153337728	304.997806615746	543.739068365911	731.425162702692	939.958039724145	1148.4909167456	1336.17701108238	1574.91827283254	1759.90192611056
8.75	119.971068691333	303.661712626234	540.734207020149	727.108402336394	934.183664300746	1141.2589262651	1327.63312158134	1564.70561597526	1748.39625991016
9	119.895548451075	302.30050064071	537.713671823913	722.783392620848	928.409288687988	1134.03518475513	1319.10490555206	1554.51807673527	1736.9230289249
9.25	119.78923499363	300.915442504444	534.678256411919	718.450551246242	922.634912874391	1126.81927450254	1310.59156933686	1544.35438324434	1725.48059075515
9.5	119.654526697089	299.508395505148	531.629119736662	714.110488169857	916.860536843702	1119.61058551755	1302.09195395074	1534.21267818226	1714.06654699032
9.75	119.494131267025	298.081456471595	528.56757022483	709.763892017233	911.086160577384	1112.40842913753	1293.60475092994	1524.09086468317	1702.67818988774
10	119.312030621705	296.637708974139	525.495532032362	705.411775472363	905.311784047923	1105.21179262348	1285.12803606348	1513.98585912171	1691.31153747414
10.25	119.11346559369	295.181211477671	522.415537651746	701.055471386757	899.537407218607	1098.01934305046	1276.65927678547	1503.89360295954	1679.96134884353
10.5	118.90430334665	293.716507474991	519.330422236438	696.696471905387	893.763030054483	1090.82958820358	1268.19563787253	1493.80955263397	1668.62175676232
10.75	118.692132315554	292.24947340365	516.243852707542	692.336706941231	887.988652526389	1083.64059811155	1259.73345234524	1483.72783164913	1657.28517273722
11	118.484381649179	290.785862351408	513.159419016161	687.978065898667	882.21427460783	1076.45048331699	1251.2691301995	1473.64268686425	1645.94416756648
11.25	118.28630362199	289.329741649019	510.079659195987	683.621884556735	876.439896285643	1069.25790801455	1242.8001333753	1463.55005092227	1634.5934889493
11.5	118.102048050499	287.884324890975	507.006578546498	679.269218315553	870.665517552794	1062.06181679003	1234.32445655909	1453.44671021461	1623.22898705509
11.75	117.935237306916	286.452417219707	503.941927487372	674.920988426044	864.891138393519	1054.86128836099	1225.84034929967	1443.32985956733	1611.84703948012
12	117.78890452334	285.036367470804	500.887171696092	670.577966272238	859.116758781416	1047.65555129059	1217.34634586674	1433.19715009203	1600.44461303949
12.25	117.665196415608	283.637838044065	497.84334851062	666.240697800645	853.342378691417	1040.44405958219	1208.84140887222	1423.04691933877	1589.01956096723
12.5	117.563757913118	282.256553970527	494.810286341759	661.909092693921	847.567998105106	1033.22690351629	1200.32570986845	1412.87944223969	1577.57223829709
12.75	117.483284366747	280.891504933746	491.787354740984	657.58281913615	841.793617009078	1026.00441488201	1191.79987927717	1402.69572908441	1566.10394965141
13	117.418135896505	279.538323445524	488.771828378286	653.260442777586	836.019235426386	1018.77802807519	1183.26664247449	1392.50014740725	1554.62033495627
13.25	117.360338105863	278.190834185065	485.759853833229	648.939935556371	830.244853401073	1011.54977124577	1174.72985296892	1382.29887261708	1543.12936869628
13.5	117.301942214904	276.842881669416	482.747590065093	644.619275927168	824.47047097927	1004.32166603137	1166.19335189345	1372.09806028912	1531.63899974364
13.75	117.23498227087	275.488297117651	479.73118773612	640.296437979077	818.696088209701	997.095738440324	1157.66098868328	1361.90387930175	1520.15719414853
14	117.151775309754	274.121130892949	476.706934254287	635.969467769578	812.921705137122	989.873942504666	1149.13647601996	1351.7222793813	1508.69163496449
14.25	117.045122424857	272.73580820608	473.671350928302	631.636534451711	807.147321789263	982.658109126815	1140.62329265022	1341.55883537245	1497.24952115367
14.5	116.908192732521	271.327039261984	470.62113690337	627.295900773166	801.372938189694	975.449975606221	1132.12473947602	1331.4188371174	1485.83768364687
14.75	116.735365182929	269.890471154966	467.55357594991	622.946137174903	795.598554363756	968.25097155261	1123.6435327776	1321.30663757255	1474.46174354458
15	116.52189210999	268.422427323376	464.466373881538	618.586036222831	789.824170338059	961.062304453287	1115.18196679458	1311.22591335274	1463.12644856613
15.25	116.264029086871	266.920008109276	461.357721305254	614.214645634141	784.049786141442	953.884926648742	1106.74185097763	1301.17956417361	1451.83554319601
15.5	115.959617257516	265.381541713286	458.226575020604	609.831416380507	778.275401806688	946.719387232869	1098.32422859277	1291.16926190009	1440.59118635586
15.75	115.606878752123	263.805651369416	455.07207592912	605.435896327026	772.501017364967	939.566138402907	1089.92995880081	1281.19638336052	1429.39515597781
16	115.204862170629	262.191600323237	451.893764299611	601.027843523921	766.726632837458	932.425422150995	1081.55950137531	1271.26166535168	1418.24840350429
16.25	114.75292954354	260.538894538529	448.69133185719	596.607095732308	760.952248241882	925.297400751456	1073.21316462657	1261.36560194524	1407.15156694022
16.5	114.251118612912	258.847563245143	445.4647968458	592.173662559574	755.177863589783	918.182064619992	1064.89093033377	1251.50816393442	1396.10460856665
16.75	113.700009703575	257.118055845028	442.214439697357	587.727691602088	749.403478887595	911.079266173103	1056.59251807783	1241.68890193016	1385.10694807162
17	113.100682982661	255.35120881559	438.940782381514	583.269457579694	743.629094142674	903.988730705654	1048.31740590383	1231.90697946976	1374.15750530269
17.25	112.455237657496	253.548647774111	435.644839296765	578.799494382129	737.854709364641	896.909924347153	1040.06457943252	1222.16077095517	1363.25418107179
17.5	111.765755350575	251.711984720309	432.327616344224	574.318331426971	732.080324563275	889.842317699578	1031.83303278233	1212.44866440624	1352.39489377597
17.75	111.033677766614	249.842336104661	428.989810198855	569.826335383281	726.305939747116	882.78554411095	1023.62206929538	1202.76954338957	1341.57820172762
18	110.280263535236	247.956164500412	425.641693608314	565.328912876364	720.531554926253	875.734196976142	1015.42141624419	1193.10694535209	1330.78284631727
