age	C0.4	C2	C10	C25	C50	C75	C90	C98	C99.6
6	701.283190658285	859.519558774165	1063.74057781725	1224.28863375315	1402.66917986031	1581.04972596747	1741.59778190337	1945.81880094645	2104.05516906233
6.25	699.411169663928	859.374834452004	1065.82511526838	1228.12570209239	1408.45343725188	1588.78117241137	1751.08175923538	1957.53204005175	2117.49570483983
6.5	697.507178277599	859.201598814319	1067.88560571346	1231.94223303596	1414.2210566797	1596.49988032345	1760.55650764595	1969.24051454509	2130.93493508181
6.75	695.461623983675	858.902121719063	1069.83962867692	1235.66784178022	1419.91502584548	1604.16220991074	1769.99042301404	1980.92792997189	2144.36842770728
7	693.315797649862	858.523686998741	1071.74220255565	1239.36362723858	1425.6031995579	1611.84277187722	1779.46419656015	1992.68271211706	2157.89060146594
7.25	691.414882751153	858.40926529626	1073.93344209522	1243.36745899707	1431.62095286776	1619.87444673846	1789.30846364031	2004.83264043927	2171.82702298438
7.5	690.132722721415	858.932906433393	1076.78766348314	1248.05386264625	1438.34304402762	1628.63222540899	1799.89842457209	2017.75318162184	2186.55336533382
7.75	689.898485462189	860.52399218271	1080.73452451551	1253.8527129777	1446.19958892678	1638.54646487586	1811.66465333805	2031.87518567085	2202.50069239137
8	691.313108037872	863.783665757473	1086.37543446283	1261.36562842244	1455.79243838877	1650.21924835511	1825.20944231472	2047.80121102007	2220.27176873968
8.25	695.358939996829	869.694491454159	1094.69323477706	1271.57566831782	1468.10489383744	1664.63411935706	1841.51655289782	2066.51529622072	2240.85084767805
8.5	703.520743482301	879.741447857904	1107.17318338485	1285.96831019438	1484.62267679921	1683.27704340404	1862.07217021357	2089.50390574052	2265.72461011612
8.75	717.18348954076	895.3097248745	1125.20075265343	1305.92924847602	1506.73172841904	1707.53420836205	1888.26270418465	2118.15373196357	2296.27996729731
9	737.51500082938	917.567365974652	1149.94427103706	1332.62703565642	1535.60085011466	1738.57466457291	1921.25742919226	2153.63433425467	2333.68669939995
9.25	765.372393541244	947.37171017071	1182.26136512029	1366.91952439456	1572.0881457302	1777.25676706584	1961.9149263401	2196.80458128968	2378.80389791915
9.5	799.872781315553	983.840094193578	1221.26965955781	1407.92456569601	1615.31171776346	1822.69886983091	2009.3537759691	2246.78334133333	2430.75065421136
9.75	839.396783174967	1025.35336155493	1265.35028758845	1454.02352056818	1663.65318028929	1873.2828400104	2061.95607299013	2301.95299902365	2487.90957740361
10	881.372657516296	1069.3399952666	1311.93202211388	1502.64538980921	1714.54178731534	1926.43818482147	2117.15155251681	2359.74357936408	2547.71091711439
10.25	922.25037290163	1112.25018851281	1357.46534621724	1550.24088440588	1764.42850304587	1978.61612168587	2171.39165987451	2416.60681757894	2606.60663319012
10.5	958.648896550701	1150.70313507073	1398.56974607246	1593.42972039935	1809.93329892126	2026.43687744317	2221.29685177007	2469.16346277179	2661.21770129183
10.75	987.75900986409	1181.88984483109	1432.43652646126	1629.40343439951	1848.2479691293	2067.09250385909	2264.05941179735	2514.60609342752	2708.73692839451
11	1006.9457846225	1203.17562004502	1456.43128708167	1655.52785994181	1876.73860701579	2097.94935408977	2297.04592694992	2550.30159398656	2746.53142940908
11.25	1014.1997033541	1212.55117459978	1468.54504041463	1669.79424424619	1893.39672061275	2116.99919697932	2318.24840081088	2574.24226662573	2772.5937378714
11.5	1007.8667189983	1208.36269434193	1467.12427289843	1670.54931006068	1896.56929522548	2122.58928039029	2326.01431755254	2584.77589610903	2785.27187145266
11.75	988.340641505831	1191.00422477911	1452.56333405215	1658.18764590251	1886.65118491553	2115.11472392855	2320.73903577891	2582.29814505195	2784.96172832522
12	958.503430159876	1163.35796355118	1427.74472914054	1635.5919988753	1866.52540548703	2097.45881209875	2305.30608183351	2569.69284742288	2774.54738081418
12.25	921.664459600818	1128.73352689231	1395.9783862005	1606.07254213918	1839.50240244984	2072.9322627605	2283.02641869918	2550.27127800738	2757.34034529886
12.5	882.009376471269	1091.31680852742	1361.45051784318	1573.81573899728	1809.76891764405	2045.72209629083	2258.08731744493	2528.22102676069	2737.52845881684
12.75	843.712943074427	1055.28282156506	1328.33646086836	1542.99718071874	1781.50082507278	2020.00446942682	2234.6651892772	2507.7188285805	2719.28870707113
13	809.038525016699	1022.89519111299	1298.90017529815	1515.88109061812	1756.96264058757	1998.04419055702	2215.025105877	2491.03009006215	2704.88675615844
13.25	779.140666240266	995.308727012191	1274.29681414448	1493.62289149068	1737.31008673257	1980.99728197446	2200.32335932067	2479.31144645296	2695.47950722488
13.5	754.642611208252	973.146942692095	1255.15023796666	1476.8467167914	1723.16760016964	1969.48848354788	2191.18496237261	2473.18825764718	2691.69258913102
13.75	735.405967209148	956.271717470924	1241.32267716651	1465.4150729259	1714.3979939647	1963.38091500351	2187.4733107629	2472.52427045848	2693.39002072025
14	720.862376379118	944.114968930177	1232.24640481727	1458.76051243679	1710.4341311711	1962.1077499054	2188.62185752492	2476.75329341202	2700.00588596308
14.25	708.9547251985	934.619863486749	1225.86494862403	1454.82684705533	1709.22013909377	1963.61343113221	2192.57532956351	2483.82041470079	2709.48555298904
14.5	697.289526990583	925.393198039599	1219.7854714706	1451.22152738375	1708.36378801106	1965.50604863836	2196.94210455152	2491.33437798251	2719.43804903153
14.75	683.984346092959	914.552824653328	1212.12619676415	1446.0630687597	1705.9839176165	1965.90476647329	2199.84163846884	2497.41501057966	2727.98348914003
15	667.515752218874	900.575604721538	1201.3643623431	1437.82900496312	1700.55839050257	1963.28777604202	2199.75241866203	2500.5411762836	2733.60102878626
15.25	646.857693704024	882.435780508085	1186.47458981716	1425.49425582588	1691.06245784765	1956.63065986941	2195.65032587814	2499.68913518721	2735.26722199127
15.5	621.851955825184	859.975432502679	1167.29934068001	1408.90158236742	1677.33921346598	1945.77684456454	2187.37908625195	2494.70299442928	2732.82647110678
15.75	592.456296937245	833.152617019138	1143.79705579346	1388.00972776135	1659.34773642159	1930.68574508183	2174.89841704972	2485.54285582404	2726.23917590593
16	558.763672290727	802.060588622368	1116.06137601974	1362.91263655701	1637.18230868222	1911.45198080743	2158.3032413447	2472.30402874207	2715.60094507372
16.25	520.909392670181	766.834960209378	1084.22830416444	1333.74661808604	1610.97958015219	1888.21254221834	2137.73085613993	2455.124200095	2701.04976763419
16.5	479.036031989095	727.618612870723	1048.44111776308	1300.65526154858	1580.88348631369	1861.11171107881	2113.32585486431	2434.14835975666	2682.73094063829
16.75	433.293309465657	684.56157791037	1008.85025089983	1263.78931767389	1547.04512971164	1830.30094174939	2085.24000852345	2409.52868151291	2660.79694995762
17	384.030314102507	638.013260478363	965.805516746891	1223.49892040018	1509.81500067859	1796.13108095701	2053.8244846103	2381.61674087882	2635.59968725468
17.25	332.022244550578	588.749180007237	920.082848739899	1180.56032863102	1469.96971973661	1759.3791108422	2019.85659073332	2351.19025946598	2607.91719492264
17.5	278.08049749017	537.58105729325	872.494385981543	1135.78601032009	1428.3221202167	1720.85823011331	1984.14985445186	2319.06318314015	2578.56374294323
17.75	222.901294345837	485.205448654758	823.737117006578	1089.87329378844	1385.56990796715	1681.26652214586	1947.40269892773	2285.93436727955	2548.23852158847
18	167.314555494713	432.437721988964	774.607628174716	1043.6040003175	1342.47849919548	1641.35299807345	1910.34937021624	2252.51927640199	2517.64244289624
