age	C0.4	C2	C10	C25	C50	C75	C90	C98	C99.6
6	1209.09367468148	1509.45330565317	1897.09965172908	2201.84726069098	2540.44397925342	2879.04069781586	3183.78830677777	3571.43465285367	3871.79428382536
6.25	1205.46168458032	1505.19056072975	1892.02284999873	2196.13048939047	2534.01615529798	2871.90182120549	3176.00946059724	3562.84174986621	3862.57062601564
6.5	1201.82861283057	1500.92697818333	1886.94552558661	2190.41344299878	2527.58833134249	2864.76321968619	3168.23113709837	3554.24968450164	3853.34804985441
6.75	1198.19075011649	1496.65968553929	1881.86588605136	2184.69517814114	2521.16050738677	2857.62583663239	3160.45512872217	3545.66132923424	3844.13026465705
7	1194.54627260635	1492.38727043187	1876.78305006826	2178.97523096992	2514.73268343059	2850.49013589126	3152.68231679291	3537.0780964293	3834.91909425482
7.25	1190.8959862229	1488.11035696333	1871.69740708072	2173.25380645185	2508.30485947368	2843.35591249551	3144.91231186663	3528.49936198403	3825.71373272446
7.5	1187.23992771989	1483.82897359555	1866.60897484902	2167.53091393416	2501.87703551575	2836.22315709734	3137.14509618248	3519.92509743596	3816.51414331162
7.75	1183.57814065421	1479.54315405867	1861.51777442088	2161.80656449429	2495.44921155655	2829.09185861881	3129.38064869222	3511.35526905443	3807.32028245889
8	1179.91066894728	1475.25293236517	1856.42382702019	2156.08076930242	2489.02138759585	2821.96200588927	3121.61894817151	3502.78984282653	3798.13210624441
8.25	1176.2375424847	1470.95833165825	1851.32714708839	2150.3535359591	2482.59356363347	2814.83359130784	3113.85998017855	3494.22879560868	3788.94958478224
8.5	1172.55877526032	1466.65936277467	1846.22774138763	2144.62486802325	2476.1657396693	2807.70661131536	3106.10373795098	3485.67211656394	3779.77270407829
8.75	1168.87437373928	1462.35603072095	1841.12561304197	2138.89476713901	2469.73791570323	2800.58106426744	3098.35021836448	3477.1198006855	3770.60145766717
9	1165.1843280176	1458.04832782747	1836.02075726546	2133.16323078743	2463.31009173506	2793.45695268269	3090.59942620466	3468.57185564265	3761.43585545252
9.25	1161.48862401264	1453.73624318866	1830.91316725288	2127.43025538679	2456.88226776462	2786.33428014246	3082.85136827637	3460.02829234059	3752.27591151661
9.5	1157.78723459151	1449.41975579297	1825.80282989291	2121.69583403651	2450.45444379193	2779.21305354736	3075.10605769095	3451.48913179089	3743.12165299235
9.75	1154.08012721081	1445.09884043894	1820.68972945968	2115.95995845993	2444.02661981696	2772.09328117398	3067.36351017423	3442.95439919497	3733.9731124231
10	1150.36725957238	1440.77346437112	1815.57384551358	2110.22261789956	2437.5987958397	2764.97497377984	3059.62374616582	3434.42412730828	3724.83033210702
10.25	1146.64857945978	1436.44358715334	1810.45515282222	2104.48379907539	2431.17097186015	2757.85814464492	3051.88679089809	3425.89835656696	3715.69336426053
10.5	1142.92402697179	1432.10916239845	1805.33362243974	2098.74348675305	2424.74314787839	2750.74280900373	3044.15267331703	3417.37713335833	3706.56226878499
10.75	1139.19352213922	1427.77012817882	1800.2092157231	2093.00166059462	2418.3153238948	2743.62898719498	3036.4214320665	3408.86051961078	3697.43712565038
11	1135.45698479129	1423.4264224107	1795.08189393184	2087.25830021093	2411.88749990986	2736.51669960878	3028.69310588787	3400.34857740901	3688.31801502842
11.25	1131.71435516049	1419.07799881068	1789.95162818517	2081.51339040224	2405.45967592445	2729.40596144665	3020.96772366372	3391.84135303822	3679.2049966884
11.5	1127.96558392316	1414.724819183	1784.81839464913	2075.76691862511	2399.0318519397	2722.29678525429	3013.24530923026	3383.33888469639	3670.09811995624
11.75	1124.21064085844	1410.36686012511	1779.68217872089	2070.01887719457	2392.60402795692	2715.18917871928	3005.52587719296	3374.84119578873	3660.9974150554
12	1120.44951859154	1406.00411592635	1774.54297683755	2064.26926423622	2386.17620397772	2708.08314371923	2997.8094311179	3366.3482920291	3651.90288936391
12.25	1116.68221564661	1401.6365854442	1769.40078828678	2058.5180793759	2379.7483800037	2700.9786806315	2990.09597172061	3357.8601745632	3642.81454436078
12.5	1112.90874474107	1397.26427852728	1764.25561921473	2052.76532584905	2373.32055603628	2693.87578622351	2982.38549285783	3349.37683354528	3633.73236733149
12.75	1109.12912303115	1392.88720846161	1759.10747791246	2047.01100801997	2366.89273207685	2686.77445613374	2974.67798624125	3340.8982556921	3624.65634112256
13	1105.34338326204	1388.50540060505	1753.95638020372	2041.25513421718	2360.46490812618	2679.67468203517	2966.97343604864	3332.42441564731	3615.58643299031
13.25	1101.55156702962	1384.11888716933	1748.80234618897	2035.49771501989	2354.03708418467	2672.57645334944	2959.27182218037	3323.95528120001	3606.52260133972
13.5	1097.75371896533	1379.72770271683	1743.6453974354	2029.73876177912	2347.60926025245	2665.47975872578	2951.57312306951	3315.49081778807	3597.46480153957
13.75	1093.94988809354	1375.3318852117	1738.48555763272	2023.97828696279	2341.1814363292	2658.38458569561	2943.87731502568	3307.03098744671	3588.41298456486
14	1090.14012068988	1370.93147048942	1733.32284914234	2018.21630233965	2334.75361241446	2651.29092248927	2936.18437568658	3298.5757543395	3579.36710413904
14.25	1086.32445146379	1366.52648542862	1728.15728873635	2012.45281673657	2328.32578850739	2644.19876027821	2928.49428827842	3290.12509158615	3570.32712555099
14.5	1082.50291154059	1362.11695413238	1722.98889145487	2006.68783806881	2321.89796460703	2637.10809114525	2920.80703775919	3281.67897508168	3561.29301767348
14.75	1078.67552500808	1357.70289525393	1717.81766893725	2000.9213724618	2315.47014071241	2630.01890896303	2913.12261248758	3273.23738617089	3552.26475641675
15	1074.84231118673	1353.28432375473	1712.64363051917	1995.1534248285	2309.04231682256	2622.93120881661	2905.44100312594	3264.80030989038	3543.24232245838
15.25	1071.00329690945	1348.86126041383	1707.46678916651	1989.38400199251	2302.61449293652	2615.84498388053	2897.76219670652	3256.36772545921	3534.22568896359
15.5	1067.15852244486	1344.43373641484	1702.28716433776	1983.61311419457	2296.18666905349	2608.76022391241	2890.08617376923	3247.93960169214	3525.21481566212
15.75	1063.30803316281	1340.00178689177	1697.10477795639	1977.84077297278	2289.75884517264	2601.67691737249	2882.41291238888	3239.5159034535	3516.20965718246
16	1059.4518938373	1335.56546200502	1691.91966132246	1972.06699480011	2283.33102129297	2594.59504778582	2874.74238126348	3231.09658058091	3507.21014874863
16.25	1055.59017395043	1331.12481556095	1686.73184801104	1966.29179734689	2276.90319741346	2587.51459748004	2867.07454681588	3222.68157926598	3498.21622087649
16.5	1051.72292691703	1326.6798889235	1681.54136383318	1960.51519419722	2270.47537353325	2580.43555286929	2859.40938323333	3214.27085814301	3489.22782014948
16.75	1047.85019289272	1322.23071318884	1676.34822819278	1954.73719556318	2264.0475496516	2573.35790374001	2851.74687111041	3205.86438611435	3480.24490641047
17	1043.97201126251	1317.77731885638	1671.15246012147	1948.95781146103	2257.61972576802	2566.28164007501	2844.08699141456	3197.46213267966	3471.26744027352
17.25	1040.08842090084	1313.31973603034	1665.95407840456	1943.17705177771	2251.19190188275	2559.20675198779	2836.42972536093	3189.06406773515	3462.29538286466
17.5	1036.19945893585	1308.85799346263	1660.75310098353	1937.39492595609	2244.76407799608	2552.13323003607	2828.77505500863	3180.67016252953	3453.32869705631
17.75	1032.30515151216	1304.39211139962	1655.54954049239	1931.61144064578	2238.3362541085	2545.06106757122	2821.12296772461	3172.28039681739	3444.36735670484
18	1028.40812259928	1299.92412182962	1650.34466490423	1925.82726319037	2231.90843022063	2537.98959725089	2813.47219553703	3163.89273861164	3435.40873784198
