age	C0.4	C2	C10	C25	C50	C75	C90	C98	C99.6
6	373.159127034269	677.628965800231	1057.99610817943	1301.98939722262	1528.58160158268	1723.05492006548	1878.67024672293	2057.08396566269	2183.66561480986
6.25	374.937272589229	683.024820890094	1063.78908493545	1308.55975373817	1537.23999287367	1734.61685818168	1893.23628533397	2075.75996442162	2205.64624855823
6.5	377.724619706537	689.230407022222	1069.82978896628	1315.18941423972	1545.88520978016	1746.17558035231	1907.85517317073	2094.60594815324	2227.91400592993
6.75	381.642459807331	696.228867646055	1076.02205502516	1321.75540851232	1554.37024358545	1757.56475667083	1922.34708453726	2113.42978745747	2250.27054924585
7	386.814764847491	703.966505757389	1082.22423630635	1328.08074683861	1562.48406456361	1768.54447977606	1936.45058451443	2131.94833973636	2272.41984180537
7.25	393.350497229944	712.322547582807	1088.20868213994	1333.88496388679	1569.89298579742	1778.73412654722	1949.7483101011	2149.70453260338	2293.87892327019
7.5	401.360676849603	721.156434341737	1093.74912981281	1338.89530972524	1576.27372211186	1787.76403525099	1961.83344888166	2166.25072002686	2314.17319210001
7.75	410.993353111545	730.392103159687	1098.75365465969	1343.00939373314	1581.50484033168	1795.49271063477	1972.54818897741	2181.41212486146	2333.11796320901
8	422.362507499834	739.923176580507	1103.12336553198	1346.12196329241	1585.46324714046	1801.77677668072	1981.73209473826	2195.01013724423	2350.52378213858
8.25	435.482320628176	749.546287218474	1106.65691134914	1348.00872882553	1587.8874846897	1806.31552501044	1989.05091533926	2206.67231971379	2365.99263678528
8.5	450.212468301548	758.931087591035	1109.01158891663	1348.28006953412	1588.32320419594	1808.58809119839	1993.92627507842	2215.75260883535	2378.83086661744
8.75	466.264634337668	767.698555517371	1109.82089271874	1346.5250032428	1586.29277919152	1808.04571183383	1995.74634600084	2221.56332760237	2388.29642557118
9	483.168575030377	775.410593039051	1108.67452132836	1342.28664999384	1581.26638408193	1804.07855851392	1993.82884474004	2223.3332340771	2393.5530493782
9.25	500.311539624598	781.642803677585	1105.21363819891	1335.17682182072	1572.79680453635	1796.1692886435	1987.59030950122	2220.39546788897	2393.87179499608
9.5	517.098819340434	786.186739873214	1099.39820558618	1325.19613074452	1560.89610083448	1784.32389718786	1977.02386295175	2212.72274334888	2389.20922007504
9.75	532.950936778551	788.939711287564	1091.32354441539	1312.50729531203	1545.76782806943	1768.76762152688	1962.36534260036	2200.55860993559	2379.81347490851
10	547.308738553387	789.806856593684	1081.06687394417	1297.24732178487	1527.58502155735	1749.69144629601	1943.81315272592	2184.1051733146	2365.88824719947
10.25	559.694164931247	788.70823187843	1068.6890468215	1279.52827917425	1506.49042724796	1727.25192476217	1921.52770998783	2163.52199540367	2347.59118648213
10.5	569.768616748801	785.611533249157	1054.27468516465	1259.48441226708	1482.65142512424	1701.63380594947	1895.70084907316	2139.00388623106	2325.11802647839
10.75	577.353174893873	780.543761103494	1037.9464821155	1237.28845480575	1456.27886412441	1673.07165521778	1866.58009362125	2110.80866285614	2298.73311463187
11	582.419429492832	773.591352287127	1019.86779156419	1213.15449875769	1427.63032292784	1641.85381058872	1834.47347206618	2079.26331280893	2268.77679240614
11.25	585.152266951804	765.011828222748	1000.39416020018	1187.5182536815	1397.22233334923	1608.56704883402	1800.02381634993	2045.07652540265	2236.00793939278
11.5	585.857811026715	755.142040712774	979.955618231519	1160.89658211961	1365.66528387328	1573.90806065897	1764.00021463338	2009.10605678109	2201.35369065712
11.75	584.853299524132	744.288757877806	958.921960174926	1133.72881789399	1333.4771340483	1538.46936240778	1727.05898237671	1972.08825066927	2165.61489194858
12	582.434083327959	732.714700441755	937.594111971831	1106.36854969036	1301.074213624	1502.72834787949	1689.73077257027	1934.62240425997	2129.44827480426
12.25	578.873817925477	720.655108640186	916.231847466832	1079.11789755662	1268.8118703346	1467.09384168867	1652.47225182395	1897.22888603674	2093.42965050664
12.5	574.395991041908	708.289102241031	895.02097086144	1052.18985005865	1236.94037411869	1431.85479289747	1615.60781042259	1860.28148061201	2057.9787959144
12.75	569.192786564573	695.76574663707	874.108994852309	1025.75114608258	1205.6554543516	1397.23823825578	1579.39410450458	1824.08029016182	2023.43897897804
13	563.364725782456	683.130868596407	853.51488282419	999.817042878477	1174.97469074209	1363.26557633671	1543.85682229879	1788.6619181993	1989.86537505224
13.25	556.959020417096	670.375619848177	833.192700550421	974.327102352399	1144.82671292407	1329.85500766686	1508.9048409472	1753.92824621385	1957.16505984295
13.5	550.07324910391	657.56062665384	813.186417700934	949.326536968303	1115.26432049641	1297.06878339774	1474.61018678028	1719.97077022566	1925.45801974786
13.75	542.880723414035	644.842361961389	793.659791392524	925.000130095871	1086.5042222923	1265.16034419952	1441.26335240555	1687.13870369844	1895.15738309794
14	535.585481867362	632.416207000407	774.823674462794	901.586521667458	1058.8262349143	1234.45799263063	1409.24284235248	1655.89078040403	1866.80820186963
14.25	528.523818382089	620.634176491618	757.078637418692	879.543520148185	1032.76734435961	1205.59195133016	1379.27609364231	1627.10592490598	1841.44287618676
14.5	522.051749956249	609.869195570079	740.846254310119	859.35075684905	1008.88980471139	1179.22530185344	1352.1351413767	1601.73248050867	1820.19441631439
14.75	516.558902345104	600.531026624502	726.588350358185	841.53192915191	987.807226920644	1156.08485670317	1328.67315658106	1580.83516898475	1804.35575079261
15	512.454897746352	593.049979429736	714.786983077666	826.63143968315	970.157123313324	1136.92954803143	1309.78963200285	1565.55858290343	1795.34613991205
15.25	510.071796345305	587.764396128015	705.80935624135	815.058373043698	956.417808352651	1122.33594367025	1296.18400755445	1556.83627715924	1794.38506291671
15.5	509.622274732349	584.874845725476	699.855420923038	807.027160935581	946.838917092997	1112.61553074591	1288.25820072533	1555.27143070557	1802.35623181418
15.75	511.278843952832	584.537413405326	697.072169764147	802.690638797845	941.597677588192	1107.99690974755	1286.32496141104	1561.38458529159	1820.0952257179
16	515.014066683037	586.682300088173	697.338872951798	801.8935303672	940.509842107984	1108.28466918567	1290.21012984321	1575.12918142483	1847.82890846738
16.25	520.745975351004	591.182538478129	700.471135660303	804.408871365838	943.307228273653	1113.1839352016	1299.62516359518	1596.33562903025	1885.69025078242
16.5	528.293742351294	597.804189513228	706.162694012668	809.871667958707	949.560001713593	1122.20778096185	1314.0571815721	1624.57392840771	1933.5620638336
16.75	537.38385855685	606.214388927005	713.996311701512	817.792197077027	958.69239660405	1134.69435957761	1332.7856815018	1659.16802563672	1991.09697898008
17	547.710221584487	616.049742272182	723.525234757131	827.649876184755	970.092856896821	1149.93604481265	1355.0311904301	1699.37511186845	2057.93907190568
17.25	558.902720289365	626.880831662501	734.231525897453	838.845730463908	983.058358851109	1167.11283605927	1379.87508600311	1744.28289132889	2133.61527198802
17.5	570.590424091722	638.283151894534	745.609393290569	850.797833617901	996.90631014534	1185.42436654395	1406.41319502011	1792.99937923151	2217.78655096998
17.75	582.590094368121	650.046764879615	757.408830178813	863.218748185281	1011.29956522287	1204.47696062772	1434.2160902466	1845.24659054409	2311.0292609713
18	594.714360122758	661.959288385763	769.379171580013	875.821069722311	1025.90018981878	1223.87216281486	1462.84324677072	1900.75592611617	2414.16734188893
