age	C0.4	C2	C10	C25	C50	C75	C90	C98	C99.6
6	252.698316718748	354.5716410059	486.050101659096	589.411701528807	704.253943147914	819.096184767021	922.457784636732	1053.93624528993	1155.80956957708
6.25	253.078050302373	355.166034384487	486.921536545885	590.500932192757	705.585160732499	820.669389272241	924.248784919113	1056.00428708051	1158.09227116263
6.5	253.456609772273	355.759314853122	487.791937512756	591.589191034691	706.915475490345	822.241759945999	926.039013467934	1058.07163612757	1160.37434120842
6.75	253.829968561217	356.347665679503	488.657758641915	592.673145037241	708.241790951916	823.810436866591	927.825823261918	1060.13591622433	1162.65361334262
7	254.196197935644	356.929166306726	489.517089929307	593.750892492463	709.562214626847	825.373536761231	929.607339324387	1062.19526294697	1164.92823131805
7.25	254.557504713789	357.505702969134	490.371403861354	594.823580619452	710.877532338618	826.931484057785	931.383660815883	1064.2493617081	1167.19755996345
7.5	254.916295405356	358.079381571362	491.222418379577	595.892622363094	712.188818158714	828.485013954333	933.15521793785	1066.29825474607	1169.46134091207
7.75	255.278830709634	358.656050686185	492.075450163247	596.962916255359	713.500506027091	830.038095798822	934.925561890934	1068.344961368	1171.72218134455
8	255.650320264555	359.240470671451	492.934679726035	598.038186966263	714.815814138373	831.593441310484	936.696948550712	1070.3911576053	1173.98130801219
8.25	256.030860246267	359.832274088251	493.799141284032	599.116998323852	716.132783685336	833.14856904682	938.46642608664	1072.43329328242	1176.23470712441
8.5	256.413557904865	360.424091861932	494.660851014366	600.190883221838	717.442410598729	834.69393797562	940.223970183091	1074.46072933553	1178.47126329259
8.75	256.784066260098	361.001141708064	495.50446482584	601.244055905453	718.728418403493	836.212780901534	941.952371981147	1076.45569509892	1180.67277054689
9	257.111520657205	361.532219519494	496.298340511545	602.244529756305	719.958437815076	837.672345873846	943.618535118606	1078.38465611066	1182.80535497295
9.25	257.363397853215	361.984459827575	497.009170923868	603.158650401508	721.098428668098	839.038206934688	945.187686412329	1080.21239750862	1184.83345948298
9.5	257.510530518974	362.328265866618	497.60680506317	603.955831131212	722.117320147037	840.278809162862	946.627835230904	1081.90637442746	1186.7241097751
9.75	257.52564086732	362.535909082429	498.062932612015	604.607304275658	722.985836430496	841.364368585335	947.908740248978	1083.43576377856	1188.44603199367
10	257.394365765671	362.592945949317	498.363006288774	605.098440985638	723.689258041767	842.280075097896	949.01550979476	1084.78557013422	1189.98415031786
10.25	257.115553181109	362.498526246893	498.506565394527	605.429086783965	724.227770738239	843.026454692514	949.948976081951	1085.95701522959	1191.33998829537
10.5	256.691749433124	362.255421251944	498.496671537601	605.602531522682	724.604917967296	843.60730441191	950.71316439699	1086.95441468265	1192.51808650147
10.75	256.133830904637	361.874474252549	498.344125293628	605.629542199093	724.831429418281	844.03331663747	951.318733542935	1087.78838458401	1193.52902793193
11	255.454349685159	361.368043169951	498.061033988855	605.522029134557	724.918996525819	844.31596391708	951.776959062783	1088.46994988169	1194.38364336648
11.25	254.668130891208	360.749822390078	497.65963268001	605.291080136282	724.877432419608	844.463784702934	952.095232159206	1089.00504244914	1195.08673394801
11.5	253.790943323024	360.033991602292	497.15205013828	604.947211649123	724.715462132896	844.483712616668	952.278874127512	1089.3969326635	1195.63998094277
11.75	252.832631578397	359.228588405932	496.54399183753	604.494295749912	724.4349207053	844.375545660689	952.325849573071	1089.64125300467	1196.0372098322
12	251.795820411578	358.334170433732	495.83334756828	603.928124908906	724.029270332001	844.130415755095	952.225193095722	1089.72437023027	1196.26272025242
12.25	250.677349758858	357.345634664292	495.012506713661	603.239117166721	723.486738748955	843.73436033119	951.96097078425	1089.62784283362	1196.29612773905
12.5	249.456495124943	356.240796956961	494.057401304	602.401723584248	722.780131552495	843.158539520742	951.502861800991	1089.31946614803	1196.10376798005
12.75	248.108739818834	354.993801425937	492.940447078849	601.387001141835	721.878996042841	842.370990943847	950.817545006834	1088.76419065975	1195.64925226685
13	246.607702810018	353.577140993747	491.632683676258	600.164846980061	720.751959962939	841.339072945816	949.871236249619	1087.92677893213	1194.89621711586
13.25	244.926061036004	351.962506372392	490.104528978335	598.704678347676	719.367328785227	840.029979222778	948.630128592118	1086.77215119806	1193.80859653445
13.5	243.043988550694	350.129835015645	488.335615080996	596.985887283957	717.704227828633	838.422568373308	947.072840576269	1085.27862064162	1192.36446710657
13.75	240.952700273667	348.07120522346	486.319134569247	595.00254236748	715.757698964183	836.512855560885	945.196263359118	1083.44419270491	1190.5626976547
14	238.645485252838	345.78100424592	484.050892040955	592.751562442003	713.525899043716	834.300235645429	943.000906046477	1081.27079384151	1188.40631283459
14.25	236.120551716287	343.259103830512	481.532906193976	590.236654027278	711.014409879651	831.792165732023	940.495913565325	1078.76971592879	1185.90826804301
14.5	233.377377810426	340.506781941139	478.768777849883	587.463244056046	708.230687346811	828.998130637577	937.69259684374	1075.95459275248	1183.0839968832
14.75	230.415999653793	337.525741574689	475.762361291012	584.436878040554	705.182156036662	825.92743403277	934.601950782313	1072.83857049863	1179.94831241953
15	227.236895066603	334.318034746295	472.517740200018	581.163236855917	701.876271421096	822.589305986275	931.234802642174	1069.4345080959	1176.51564777559
15.25	223.845252757869	330.890401938919	469.043657790718	577.652638159887	698.325100479387	818.997562798887	927.606543168056	1065.75979901986	1172.80494820091
15.5	220.254593910933	327.257877991314	465.357102436664	573.923606094543	694.548873703945	815.174141313348	923.740644971227	1061.83986941658	1168.84315349696
15.75	216.480604145074	323.437643197534	461.477183470148	569.996766502777	690.569901891039	811.1430372793	919.662620311929	1057.70216058454	1164.659199637
16	212.545474328043	319.45331207075	457.42935277158	565.899015708566	686.416686246317	806.934356784067	915.404019721054	1053.38006042188	1160.28789816459
16.25	208.473262769156	315.330323848994	453.240831815736	561.658976289505	682.119406074324	802.579835859143	910.997980332912	1048.90848829965	1155.76554937949
16.5	204.285385951147	311.091153896401	448.935462566867	557.301564560527	677.704171371604	798.106778182681	906.47288017634	1044.31718884681	1151.12295679206
16.75	200.001068446792	306.755817078588	444.534279848333	552.848617183282	673.193709700362	793.538802217443	901.853139552392	1039.63160232214	1146.38635095393
17	195.639713639637	302.344219869744	440.057839426805	548.321200364781	668.609654403882	788.898108442984	897.16146938096	1034.87508893802	1141.57959516813
17.25	191.221239242004	297.876188455776	435.525849363526	543.738929302732	663.971517501746	784.204105700759	892.417185639966	1030.06684654772	1136.72179576149
17.5	186.764933330597	293.370840634546	430.957207693233	539.120529265414	659.297832306151	779.475135346889	887.63845691907	1025.22482397776	1131.83073128171
17.75	182.285815591498	288.843011265042	426.366510735708	534.480409045361	654.602799253246	774.725189461132	882.839087770785	1020.36258724145	1126.91978291499
18	177.799656426435	284.308243731367	421.769008884441	529.833588701917	649.901182484418	769.96877626692	878.033356084396	1015.49412123747	1122.0027085424
