age	C0.4	C2	C10	C25	C50	C75	C90	C98	C99.6
6	227.390720077621	289.93012743578	370.643945966299	434.096996553146	504.597942515182	575.098888477218	638.551939064064	719.265757594584	781.805164952742
6.25	223.880028677817	287.079130692225	368.644355992	432.766738767351	504.011361385056	575.255984002761	639.378366778112	720.943592077887	784.142694092294
6.5	220.361962768815	284.222423167551	366.641202456263	431.434605453735	503.42478025501	575.414955056285	640.208358053757	722.62713734247	786.487597741205
6.75	216.81123268937	281.340420681164	364.622264713732	430.094164799418	502.838199125321	575.582233451224	641.05413353691	724.335977569478	788.865165561272
7	213.216095010936	278.424029183806	362.581868023518	428.742430147794	502.251617996178	575.760805844562	641.921367968838	726.079206808551	791.28714098142
7.25	209.587247869032	275.481533255357	360.525182012868	427.382122310642	501.665036867591	575.947951424539	642.804891722314	727.848540479824	793.74282586615
7.5	205.93323778527	272.5195512772	358.456336591216	426.015414888812	501.078455739539	576.141496590266	643.700574887861	729.637360201877	796.223673693807
7.75	202.270818805114	269.551057493971	356.38342776449	424.646568867988	500.491874611794	576.3371803556	644.600321459099	731.432691729617	798.712930418474
8	198.618932999363	266.590720545609	354.315608851366	423.280401705094	499.905293484081	576.530185263067	645.494978116795	733.219866422552	801.191653968798
8.25	194.995919740195	263.652742345413	352.261741930323	421.921577575259	499.318712356135	576.715847137012	646.375682781948	734.984682366858	803.641504972076
8.5	191.418570076656	260.750125793399	350.229940888414	420.574366875133	498.732131227729	576.889895580326	647.234321567045	736.714136662059	806.045692378803
8.75	187.902847280054	257.895232762885	348.227919608251	419.242829476225	498.14555009875	577.048270721274	648.063180589248	738.395867434615	808.388252917446
9	184.462049442369	255.098361226391	346.262104086148	417.930347426402	497.558968969347	577.187590512292	648.855833852546	740.019576712303	810.655888496325
9.25	181.109368681271	252.369727090491	344.338869108772	416.640275821531	496.972387839672	577.304499857814	649.605906570572	741.575048588853	812.835406998074
9.5	177.858087683331	249.719616397807	342.464633228051	415.375992791372	496.385806709726	577.39562062808	650.306980191401	743.051997021645	814.913525736121
9.75	174.721846872087	247.158592220556	340.645987863985	414.140967447339	495.799225579392	577.457483711446	650.952463294799	744.439858938228	816.876604286697
10	171.718895321462	244.700786545469	338.891751460331	412.939840999135	495.212644448073	577.485447897012	651.533537435816	745.724502350678	818.706393574685
10.25	168.872312508652	242.364071998058	337.21307664157	411.778483152242	494.626063314698	577.473643477154	652.039049987826	746.888054631338	820.379814120744
10.5	166.211498537511	240.171215863852	335.624170329178	410.664371110437	494.039482178092	577.414593245748	652.454794027007	747.907748492333	821.867465818674
10.75	163.781798256514	238.157332954741	334.14694437468	409.609037237232	493.452901037024	577.296764836816	652.758857699367	748.748469119307	823.124003817533
11	161.632471810545	236.360570067564	332.805202606298	408.62500965701	492.866319890284	577.107630123559	652.92743717427	749.372069713004	824.100167970023
11.25	159.819439541199	234.824231620524	331.625967238828	407.726510354134	492.279738736916	576.832967119697	652.933510235003	749.735245853308	824.740037932632
11.5	158.400831698525	233.593333373337	330.637328374431	406.928323349792	491.693157576106	576.457991802419	652.748986777781	749.792981778875	824.985483453687
11.75	157.408967963601	232.692903516888	329.854903753186	406.238668371903	491.10657640716	575.974484442417	652.358249061134	749.520249297432	824.804184850719
12	156.844242630585	232.123247390376	329.278883908367	405.657645699229	490.519995229529	575.382344759829	651.76110655069	748.916743068682	824.195747828473
12.25	156.705703622051	231.883627709895	328.908808770165	405.185013193419	489.933414042531	574.681814891642	650.958019314896	747.983200375166	823.16112446301
12.5	156.998189395498	231.977791351228	328.747016410982	404.822001398154	489.346832845029	573.871664291905	649.946649279076	746.715874338831	821.695476294561
12.75	157.728868106979	232.411289296434	328.796970676241	404.570433359438	488.760251635752	572.950069912066	648.723532595262	745.10921397507	819.791635164525
13	158.928310824417	233.207795619348	329.073444328545	404.438084087044	488.173670413034	571.909256739024	647.273896497523	743.13954520672	817.419030001651
13.25	160.638700258512	234.39997638885	329.596821188929	404.435681730803	487.587089174982	570.738496619161	645.577357161035	740.774201961114	814.535478091452
13.5	162.89059011935	236.011492236973	330.381865632264	404.570996886001	487.000507920012	569.430018954023	643.61915020776	737.989523603052	811.110425720675
13.75	165.698649733649	238.053703012917	331.435666271752	404.8477603399	486.413926646982	567.980092954064	641.392187022211	734.774150281047	807.129203560315
14	169.066465575869	240.529386063437	332.759956187989	405.266884224778	485.827345354989	566.3878064852	638.894734521989	731.125304646541	802.58822513411
14.25	172.969215656525	243.419319370406	334.342740727015	405.822055668465	485.240764043932	564.659472419399	636.138787360849	727.062208717458	797.512312431339
14.5	177.370971742169	246.695680298838	336.166658398764	406.504137194697	484.654182713957	562.804228233217	633.14170702915	722.612685129076	791.937393685745
14.75	182.202689847629	250.305001549923	338.198345290262	407.295569137924	484.067601365804	560.839633593685	629.936857441347	717.830201181686	785.932512883979
15	187.375201577472	254.178231587475	340.394712831646	408.173673676345	483.481020000616	558.788366324887	626.567327169586	712.783808413757	779.58683842376
15.25	192.805808039961	258.251328824995	342.715798691601	409.117418349954	482.894438619735	556.671458889516	623.073078547869	707.537548414475	772.983069199509
15.5	198.421580850951	262.467817905748	345.126361911427	410.10825559106	482.307857224843	554.507458858626	619.489352538259	702.147896543938	766.194133598734
15.75	204.15778394439	266.777567561059	347.59512028123	411.129721349808	481.721275817701	552.312830285593	615.847431354171	696.664984074342	759.284767691011
16	209.970291006029	271.146406605717	350.100750778458	412.17059316796	481.134694400336	550.098795632713	612.168638022215	691.122982194956	752.299097794644
16.25	215.82284047574	275.546254278746	352.625730841616	413.221648797128	480.548112974834	547.87457715254	608.470495108052	685.549971670922	745.273385473928
16.5	221.681865628723	279.951116685375	355.153840125995	414.274351354714	479.961531542829	545.648711730945	604.769222959663	679.971946400284	738.241197456936
16.75	227.516468204781	284.337066375701	357.670147760665	415.320842617209	479.374950105583	543.429057593956	601.0797524505	674.412833835464	731.233432006385
17	233.295215795996	288.679762258629	360.159464760108	416.353128513535	478.788368664312	541.22360881509	597.417272568517	668.896975069996	724.281521532629
17.25	238.98311659285	292.952106861159	362.604882140032	417.362309724918	478.201787220148	539.041264715378	593.798692300265	663.451467579137	717.420457847447
17.5	244.549664747834	297.130476615676	364.991658653798	418.340627828389	477.615205774179	536.889783719968	590.238752894559	658.099934932682	710.680746800523
17.75	249.978759601325	301.202403256215	367.312014029388	419.283988011522	477.028624327154	534.773260642785	586.74523462492	652.854845398093	704.078489052983
18	255.334088995614	305.217206313048	369.596723948031	420.2085877357	476.442042879811	532.675498023922	583.287361811592	647.666879446575	697.549996764008
