age	C0.4	C2	C10	C25	C50	C75	C90	C98	C99.6
6	550.343698525693	675.403125856757	867.944159951738	1046.97221824155	1277.90788573385	1546.25562594624	1823.12217712752	2228.80822089663	2588.34823543663
6.25	545.284502925166	668.562314005331	858.459133025963	1035.15333996821	1263.26380934918	1528.58722757079	1802.6123584523	2204.61374416809	2561.32937059056
6.5	540.205132278714	661.714856397106	848.984777918701	1023.35724492047	1248.65292578283	1510.95782893441	1782.1418189153	2180.45111615242	2534.33029451416
6.75	535.155251557446	654.921338163142	839.598589770244	1011.67724682024	1234.18905841195	1493.50518999589	1761.87309146873	2156.51925232299	2507.58221571908
7	530.154981857915	648.205996852406	830.331251497818	1000.15013179747	1219.91699463439	1476.28353490703	1741.87025201563	2132.89681553798	2481.17683743785
7.25	525.178285132332	641.536594356553	821.14105605743	988.725461081538	1205.77510654854	1459.2182988481	1722.04542403165	2109.47643936896	2454.9895077108
7.5	520.2071387402	634.890800391461	811.999106622523	977.368291283441	1191.72070585764	1442.25783200684	1702.33771872272	2086.18366267327	2428.93367738588
7.75	515.21542497541	628.236498325516	802.864092217572	966.028791831217	1177.6929833236	1425.32854494822	1682.66030134314	2062.91209224558	2402.88545155488
8	510.175982561861	621.540418268531	793.693359691465	954.655589259162	1163.62929064449	1408.35461243948	1662.92363417276	2039.55184530647	2376.71665175573
8.25	505.064078600259	614.77236620954	784.448313935172	943.202262858124	1149.47305862663	1391.26755749855	1643.04679288404	2016.00342676614	2350.31098295475
8.5	499.858080404235	607.906025360444	775.095422404525	931.628542808504	1135.17525188014	1374.00801351159	1622.95955561333	1992.18031362298	2323.56707137116
8.75	494.543726244548	600.924126430452	765.612781117259	919.908187746587	1120.70395894878	1356.53733355666	1602.61612736418	1968.02583360765	2296.41818969759
9	489.121390079877	593.827227009148	756.00124651098	908.04233042519	1106.06063373163	1338.85725381285	1582.01839694719	1943.54179806728	2268.86575833826
9.25	483.595066695103	586.620273391885	746.267253998185	896.038800011207	1091.25488434379	1320.97938159906	1561.17992012639	1918.74435700054	2240.92793937896
9.5	477.978333708107	579.319808048796	736.431959114389	883.923082201095	1076.31781172302	1302.94134397414	1540.14501875801	1893.68751256714	2212.66714881976
9.75	472.288791354249	571.947188384863	726.522569676431	871.727888740788	1061.28929301633	1284.79139746812	1518.97061370449	1868.44085226639	2184.16412829385
10	466.55858728093	564.541302666304	716.588464431648	859.512478182289	1046.24149160362	1266.61689088735	1497.75989246723	1843.1310121848	2155.56647886939
10.25	460.833817900156	557.157775909811	706.700106040678	847.361307440751	1031.27718901612	1248.54225238718	1476.659971525	1817.93892154987	2127.08559331136
10.5	455.177774609178	549.872826503904	696.953855564145	835.389760988148	1016.53673193067	1230.73740763157	1455.87189665094	1793.11223924035	2099.01136749558
10.75	449.699942898841	542.818190586259	687.516115821482	823.796992691834	1002.26229028197	1213.49558829126	1435.74275238408	1769.07899436215	2071.84547860247
11	444.513678362597	536.129858173832	678.558201642762	812.78777183013	988.702703456248	1197.11814078536	1416.62948527585	1746.28011350906	2046.10566322164
11.25	439.735003168456	529.946613936481	670.254483342964	802.57025306604	976.110763412718	1181.91123833572	1398.89502321872	1725.16467042112	2022.32020031852
11.5	435.478295190967	524.404842891727	662.775817156215	793.348108981124	964.733644607908	1168.17429317362	1382.89456417599	1706.17299355652	2001.00813770738
11.75	431.827021069038	519.603331549912	656.245108474063	785.267366263044	954.748270934864	1156.1216895681	1368.88289926255	1689.62226165312	1982.54504496128
12	428.830310407765	515.599301564101	650.732479760668	778.41072397522	946.254467730497	1145.87447690403	1357.00448219811	1675.69397845137	1967.14797832735
12.25	426.519817485101	512.428832262777	646.281215933682	772.828686618031	939.312866453992	1137.50625722531	1347.34767973402	1664.50070113983	1954.95348085286
12.5	424.875897055578	510.066337979609	642.856787874213	768.478681164191	933.870952059842	1130.95361889008	1339.83861130279	1655.95468548241	1945.86304290635
12.75	423.867642438006	508.472830952679	640.407906173833	765.298170957863	929.85199070049	1126.12381132487	1334.36858141482	1649.92501069778	1939.72725294804
13	423.431366202185	507.570175661053	638.834175516614	763.166049421481	927.108152738636	1122.83796970778	1330.7267625817	1646.15421325404	1936.2476166345
13.25	423.48575229342	507.25937972005	638.009263509808	761.930403205461	925.454291403227	1120.87201045107	1328.64857289915	1644.31787143842	1935.04630171499
13.5	423.967297010223	507.463086307005	637.834393387457	761.472422908567	924.745587540711	1120.05066713377	1327.92711312727	1644.16242662959	1935.82820339171
13.75	424.837490740977	508.134079873706	638.248931317354	761.718983603113	924.892792463186	1120.26596248039	1328.43512633714	1645.53254108652	1938.41337077433
14	426.060642479124	509.228666881084	639.196839690276	762.602543634076	925.813495290642	1121.41818705251	1330.05506731572	1648.28464816317	1942.63539673253
14.25	427.601909884219	510.704306659311	640.623686330342	764.05756642909	927.427772182353	1123.41062851533	1332.67285687109	1652.27923002235	1948.33233908937
14.5	429.424960352523	512.51681413913	642.473131921072	766.016329699057	929.653099600248	1126.14341203326	1336.1705781248	1657.37176775855	1955.33605308821
14.75	431.47019814246	514.594395835376	644.654408200564	768.370165294801	932.357324003746	1129.45652749143	1340.35886135221	1663.32882037905	1963.37311204208
15	433.661146874347	516.845350886764	647.052069452163	770.981143284046	935.372877698776	1133.14704135843	1344.99724473102	1669.85309650116	1972.0941402995
15.25	435.922089380219	519.17914564512	649.552436608736	773.713616758817	938.535072605438	1137.01548227824	1349.8491932754	1676.65164276379	1981.15418076424
15.5	438.180176130603	521.50891448481	652.046714651389	776.437929035187	941.686593919661	1140.87128600258	1354.68856729003	1683.44388715859	1990.22220553942
15.75	440.370868365574	523.757915854531	654.439039020151	779.039980248183	944.689093365165	1144.54684150316	1359.31631207809	1689.98241054956	1999.00571063697
16	442.475166510891	525.903740189669	656.701631639354	781.486836171372	947.50271727969	1147.99384773618	1363.67493984444	1696.1954111713	2007.41940758653
16.25	444.489019772553	527.941790674287	658.829010743763	783.772127037005	950.119838954293	1151.2030433738	1367.75329956911	1702.06861039493	2015.44593418409
16.5	446.419558181261	529.88075009505	660.832265964977	785.909196774187	952.556728605106	1154.19411936643	1371.57463404249	1707.63051711804	2023.11857533775
16.75	448.283414480492	531.740546301681	662.736470773104	787.927996052903	954.849769194643	1157.01113868366	1375.19116977085	1712.94579057912	2030.51353208511
17	450.097608679275	533.541510585159	664.567135636531	789.858956116941	957.035901395372	1159.69884484241	1378.65598142581	1718.0802652295	2037.70855813759
17.25	451.878983525249	535.303708171776	666.349373404395	791.731996038018	959.151419659799	1162.30120197598	1382.02125573139	1723.09878811041	2044.78039820152
17.5	453.643495987107	537.046102049075	668.106862392789	793.575293396681	961.230485470394	1164.85959506801	1385.33615263165	1728.06255333108	2051.80162612917
17.75	455.400529903293	538.779829110944	669.853492511617	795.405368193086	963.293120890097	1167.39828023631	1388.62949679573	1733.0074956659	2058.8149695271
18	457.156268768169	540.512208500353	671.598367726958	797.233031190748	965.35241167249	1169.93309799404	1391.92010960535	1737.95710742227	2065.84844173627
