age	C0.4	C2	C10	C25	C50	C75	C90	C98	C99.6
6	809.932306533841	933.910274352978	1083.40128577822	1194.4309448362	1312.39697306201	1425.60155607619	1524.00663138157	1645.05790519964	1736.05562548239
6.25	800.019112179288	922.204155113608	1070.66043873178	1181.59429272639	1300.00230730477	1414.10103805193	1513.62211230384	1636.44104009129	1729.03296400305
6.5	790.350366273782	910.69005343452	1058.03239902615	1168.81877440373	1287.63059087472	1402.60841381576	1503.25229353726	1627.87491402759	1722.1092566962
6.75	780.885368869393	899.361437469139	1045.54682104395	1156.15839619141	1275.36051579833	1391.22588885139	1493.02034370251	1619.50988712939	1715.45675268727
7	771.611935280371	888.223112935212	1033.2265917373	1143.64820368335	1263.23973525365	1380.01376432963	1482.99861975464	1611.43523149881	1709.17939715386
7.25	762.550024613159	877.293809392644	1021.08760392408	1131.30117743465	1251.27813953548	1368.97979875887	1473.19433742303	1603.65995878254	1703.28983789068
7.5	753.713630577684	866.592000363327	1009.15233474371	1119.14186722521	1239.50240584144	1358.15353348931	1463.64090660927	1596.22491182122	1697.83703651788
7.75	745.118197294701	856.137513524713	997.444714625955	1107.19639532076	1227.94093073279	1347.56643758835	1454.37397268483	1589.17383723261	1692.87367278594
8	736.779247148991	845.95013302847	985.988686262412	1095.49098267247	1216.62232039176	1337.25036573532	1445.42985622446	1582.55183495186	1688.45464340133
8.25	728.712100857943	836.049355251601	974.808004167517	1084.05178820903	1205.57527730846	1327.23749810327	1436.84555402171	1576.40547543889	1684.63731820375
8.5	720.932137302796	826.454661120353	963.926526492573	1072.90522491042	1194.82894989873	1317.56073258242	1428.65918639764	1570.78336325852	1681.48225249547
8.75	713.461289534234	817.192841377542	953.376630385485	1062.08725364261	1184.42322147707	1308.26499064733	1420.92224646488	1565.74965140821	1679.06775903955
9	706.336564109273	808.307588604094	943.210260078068	1051.65563706459	1174.42236249877	1299.42232988629	1413.71608944442	1561.40239685188	1677.50983009921
9.25	699.599873087518	799.847911833038	933.485545646371	1041.67518427863	1164.89878870982	1291.11426303706	1407.13301105899	1557.85317412109	1676.9407448667
9.5	693.318147971318	791.890658418684	924.292561482169	1032.24616632414	1155.96454587867	1283.46643991983	1401.31393167675	1555.26879336314	1677.55412852537
9.75	687.566762865025	784.521826384592	915.73192645841	1023.48081564845	1147.74551985828	1276.6206300053	1396.41845175931	1553.83907294815	1679.57115332741
10	682.422917654126	777.829038605313	907.906076036776	1015.49365525746	1140.37073661898	1270.72303283843	1392.61233646476	1553.76344002762	1683.22666808877
10.25	677.966289770874	771.90224153583	900.92001203361	1008.40230515638	1133.97326640835	1265.92533914468	1390.06880491447	1555.25272264825	1688.77165052758
10.5	674.263659588783	766.816360776721	894.861235210384	1002.30515617657	1128.66528653884	1262.35710306763	1388.9384564302	1558.49604600183	1696.43795319001
10.75	671.349513042412	762.609393411344	889.774240912279	997.252768806955	1124.50577237243	1260.08946447802	1389.30924014966	1563.61590815438	1706.38965495618
11	669.250993725538	759.310795425642	885.693487579591	993.284560135087	1121.54143539614	1259.18047422202	1391.2558832463	1570.72317620188	1718.78282910628
11.25	667.969785150421	756.92124690382	882.620138803021	990.402936662882	1119.77771253565	1259.64268972503	1394.80425766286	1579.8772650606	1733.72264563393
11.5	667.496557580135	755.42894445652	880.540801090881	988.593997931733	1119.20168958658	1261.46835770442	1399.95866929408	1591.11638581256	1751.29640825411
11.75	667.803647906992	754.801278187492	879.41767592446	987.816288049425	1119.76906420869	1264.61432976026	1406.68473866236	1604.43776522319	1771.55198744632
12	668.840358600061	754.979677886539	879.182632448432	987.994077895763	1121.39631940717	1268.99284849323	1414.89871246828	1619.78496570497	1794.48389493632
12.25	670.543976590065	755.89227436168	879.752123133539	989.034139025514	1123.97961814678	1274.49259034558	1424.49048072038	1637.07370089773	1820.06197119634
12.5	672.812202267872	757.423170185221	880.991823491152	990.786233819853	1127.35006386564	1280.92794113183	1435.26677102236	1656.12650762656	1848.15936133072
12.75	675.536605764655	759.450116947787	882.760284734572	993.091879587879	1131.32854622945	1288.10030711654	1447.01861143211	1676.74876927779	1878.63644456838
13	678.629543653157	761.874904207826	884.944480997914	995.824540348201	1135.77174690441	1295.85065846349	1459.58045517118	1698.79761587367	1911.41937755096
13.25	682.015223013921	764.613103427702	887.447736441415	998.876037133495	1140.55675948655	1304.04221947302	1472.81103790932	1722.16074829106	1946.47873778928
13.5	685.633939993774	767.598801039419	890.195309891824	1002.16301184594	1145.58878493165	1312.56969489573	1486.60432441102	1746.77066081028	1983.84869991541
13.75	689.45020349987	770.793620436402	893.144898819456	1005.63892553857	1150.81521862312	1321.37599641913	1500.90925135641	1772.62998001461	2023.66022896262
14	693.430058308214	774.161020570548	896.256469667562	1009.25987670822	1156.18642644264	1330.40727459737	1515.678981602	1799.75325353583	2066.07948458336
14.25	697.538888328931	777.663990949911	899.489836813454	1012.98212643893	1161.65327121962	1339.61053456578	1530.86879015738	1828.16653974917	2111.31325585431
14.5	701.740986882801	781.26440388081	902.803651476392	1016.76072666571	1167.16524658926	1348.93115043978	1546.43298574548	1857.90476152355	2159.61205005662
14.75	705.992749395297	784.91563271788	906.14718047694	1020.54055588137	1172.66059502115	1358.30195969147	1562.31310282553	1889.0003714733	2211.26646069452
15	710.244904355435	788.564983521326	909.463002837198	1024.25922698169	1178.06944995023	1367.64663102187	1578.44159048991	1921.48959336911	2266.62527475085
15.25	714.457742228966	792.170523887117	912.706280252919	1027.86865176126	1183.33844632628	1376.90799659722	1594.77441042049	1955.45460646294	2326.16005464399
15.5	718.609633288402	795.710495249375	915.855621011675	1031.34737233773	1188.44516856878	1386.06536483991	1611.31207491656	1991.05490005861	2390.52563257491
15.75	722.684782940089	799.169469097447	918.896755773597	1034.68188179319	1193.37634087177	1395.10893733753	1628.0702630354	2028.49665204029	2460.55401483799
16	726.687084423874	802.553468374209	921.839616831099	1037.88557258451	1198.149317939	1404.06454067456	1645.10863411473	2068.07457869602	2537.34609810564
16.25	730.626753587201	805.875234345235	924.701532884321	1040.98001225128	1202.79087964872	1412.96955486251	1662.50422617912	2110.14976274259	2622.30768688566
16.5	734.509748270139	809.142506297066	927.493692116907	1043.97961370835	1207.31939961218	1421.85187511016	1680.32714692424	2155.12999235856	2717.21220771425
16.75	738.338425538477	812.358819324029	930.222137275362	1046.89279103385	1211.74617555533	1430.73141894423	1698.64273720591	2203.48626567782	2824.34783003356
17	742.117340810068	815.529920383277	932.895140045259	1049.73024900645	1216.08495358847	1439.63119885388	1717.52491297752	2255.78638721919	2946.74017825852
17.25	745.855632430503	818.666301264282	935.525930503602	1052.50785079785	1220.35487608669	1448.58010227703	1737.05858982464	2312.71244838304	3088.40523710637
17.5	749.563571609134	821.779515638685	938.128663275189	1055.24224200031	1224.57557184578	1457.60694149565	1757.33153951585	2375.0581752191	3254.59486559257
17.75	753.253460957625	824.883042353249	940.719148471669	1057.95132615357	1228.76694536723	1466.73823195432	1778.42635226548	2443.69960612218	3451.91429116487
18	756.950818119928	828.002261080602	943.321965270245	1060.6572706231	1232.94379461722	1475.97545454353	1800.3616555962	2519.38794006788	3687.74628059844
