age	C0.4	C2	C10	C25	C50	C75	C90	C98	C99.6
6	877.619924393678	1015.11902232936	1192.57636814865	1332.08420145753	1487.08753268317	1642.09086390882	1781.5986972177	1959.05604303699	2096.55514097267
6.25	861.653023808487	999.647151051674	1177.74338533156	1317.7534798709	1473.31485978828	1628.87623970565	1768.88633424499	1946.98256852488	2084.97669576806
6.5	845.790423759329	984.279908451291	1163.0154546933	1303.52814339819	1459.64794192239	1615.76774044658	1756.28042915147	1935.01597539349	2073.50546008545
6.75	830.389837889743	969.376133477127	1148.75286751018	1289.7696250608	1446.44948066853	1603.12933627627	1744.14609382688	1923.52282785994	2062.50912344732
7	815.644944421932	955.130065443803	1135.15058724682	1276.67345761278	1433.91564130271	1591.15782499265	1732.68069535861	1912.70121716163	2052.1863381835
7.25	801.38176783128	941.367502384757	1122.034119689	1264.0649170899	1421.87144459168	1579.67797209347	1721.70876949436	1902.37538679861	2042.36112135208
7.5	787.406439561965	927.894580737375	1109.2096077184	1251.75015143995	1410.12304411212	1568.49593678428	1711.03648050583	1892.35150748686	2032.83964866227
7.75	773.353995759463	914.346340903347	1096.3120972298	1239.36421087613	1398.30549487525	1557.24677887436	1700.29889252069	1882.26464884715	2023.25699399103
8	758.877330229318	900.375680247423	1082.9944901815	1226.56000096792	1386.07170646287	1545.58341195783	1689.14892274425	1871.76773267832	2013.26608269643
8.25	743.786063875334	885.792225231817	1069.06642020942	1213.14716099087	1373.23132441657	1533.31548784226	1677.39622862372	1860.67042360132	2002.6765849578
8.5	728.105588899426	870.621375508873	1054.55329658149	1199.15110777219	1359.80977396243	1520.46844015267	1665.06625134337	1848.99817241599	1991.51395902543
8.75	711.973605144399	855.000839487628	1039.59283876239	1184.70956946793	1345.94479291326	1507.1800163586	1652.29674706413	1836.8887463389	1979.91598068213
9	695.777282126851	839.317797650253	1024.57224138655	1170.20975183827	1332.02359939079	1493.83744694331	1639.47495739504	1824.72940113133	1968.26991665473
9.25	679.884631472387	823.940273067714	1009.85954229638	1156.01970433822	1318.41425575243	1480.80880716664	1626.96896920847	1812.88823843714	1956.94388003247
9.5	664.339274264161	808.911898842712	995.498390107116	1142.18308777813	1305.16043635821	1468.13778493829	1614.8224826093	1801.40897387371	1945.98159845226
9.75	649.042320730576	794.133797526531	981.389923274034	1128.6010531162	1292.16330605797	1455.72555899974	1602.9366888419	1790.19281458941	1935.28429138536
10	633.592232648451	779.204443533234	967.132632520924	1114.87210389808	1279.02138264338	1443.17066138869	1590.91013276584	1778.83832175353	1924.45053263832
10.25	617.277422740895	763.412262550384	952.01496026736	1100.28469569719	1265.02313630276	1429.76157690833	1578.03131233815	1766.63401005513	1912.76884986462
10.5	599.663611807196	746.322988831963	935.602658132056	1084.4045937835	1249.73434747359	1415.06410116369	1563.86603681513	1753.14570611522	1899.80508313999
10.75	581.097411564259	728.283248664052	918.242371204179	1067.5784580282	1233.50169245098	1399.42492687376	1548.76101369778	1738.7201362379	1885.9059733377
11	562.10250467011	709.816739388522	900.457815776673	1050.33001962259	1216.84891897937	1383.36781833616	1533.24002218207	1723.88109857023	1871.59533328864
11.25	543.573579937627	691.818163159438	883.143711221843	1033.55401147507	1200.67077500676	1367.78753853845	1518.19783879168	1709.52338685408	1857.7679700759
11.5	526.582769817397	675.359665160621	867.372219157114	1018.32260812232	1186.03944942405	1353.75629072577	1504.70667969098	1696.71923368747	1845.49612903069
11.75	512.231985052417	661.543168360834	854.24527832991	1005.73776071614	1174.05690716518	1342.37605361423	1493.86853600045	1686.57064596953	1835.88182927795
12	501.658020151747	651.505478849307	844.899709774916	996.936302040549	1165.85999406858	1334.78368609661	1486.82027836224	1680.21450928785	1830.06196798541
12.25	495.918201753868	646.303934183848	840.3928651425	992.975594824774	1162.50608517286	1332.03657552094	1484.61930520322	1678.70823616187	1829.09396859185
12.5	495.8013176014	646.727330794702	841.513552075222	994.644455525913	1164.78400672872	1334.92355793152	1488.05446138221	1682.84068266273	1833.76669585603
12.75	501.941901136546	653.410210271685	848.89632267827	1002.5774445158	1173.32832829283	1344.07921206986	1497.76033390739	1693.24644631398	1844.71475544912
13	513.982766810196	665.995394155026	862.184007641423	1016.41739967712	1187.78189573973	1359.14639180233	1513.37978383803	1709.56839732442	1861.58102466925
13.25	530.992624337451	683.551598630553	880.445331501676	1035.23305211212	1207.21344746614	1379.19384282015	1533.98156343059	1730.87529630172	1883.43427059482
13.5	551.827716255548	704.935072296164	902.53655067886	1057.88066438985	1230.4792528733	1403.07784135674	1558.42195506773	1756.02343345043	1909.13078949104
13.75	575.042002906415	728.699780948729	927.011638010038	1082.91421488199	1256.13329648229	1429.3523780826	1585.25495495455	1783.56681201586	1937.22459005817
14	599.067685724976	753.277931905203	952.302808403554	1108.76592446485	1282.60780580026	1456.44968713568	1612.91280319698	1811.93767969533	1966.14792587555
14.25	621.943358564468	776.708126844953	976.448673639235	1133.47441285872	1307.94140936994	1482.40840588115	1639.43414510064	1839.17469189492	1993.9394601754
14.5	641.649883102764	796.971235799004	997.430114528747	1155.02056935045	1330.1150058947	1505.20944243895	1662.79989726065	1863.25877599039	2018.58012868663
14.75	656.703070966059	812.583078836427	1013.7629620376	1171.92023347177	1347.64444442397	1523.36865537617	1681.52592681034	1882.70581001151	2038.58581788188
15	665.991512274443	822.432254572653	1024.33582574537	1183.06202342171	1359.41835273361	1535.77468204552	1694.50087972185	1896.40445089457	2052.84519319278
15.25	668.655018441081	825.658580973603	1028.28853207502	1187.58577227171	1364.57657128203	1541.56737029235	1700.86461048904	1903.49456159046	2060.49812412298
15.5	664.264918497934	821.833390112986	1025.19241702595	1185.06281910736	1362.69044258378	1540.3180660602	1700.18846814161	1903.54749505457	2061.11596666962
15.75	652.547610451088	810.683081977921	1014.77388314203	1175.2195684825	1353.48637342593	1531.75317836935	1692.19886370983	1896.28966487394	2054.42513640077
16	633.780972284524	792.485533188603	997.310805283326	1158.3338938735	1337.24223574744	1516.15057762138	1677.17366621156	1881.99893830628	2040.70349921036
16.25	608.42802655746	767.703763891137	973.266200481574	1134.86880986371	1314.42104141136	1493.97327295902	1655.57588234116	1861.13831893159	2020.41405626527
16.5	577.188593442044	737.037593037692	943.339886114427	1105.524132593	1285.72260518227	1465.92107777154	1628.10532425011	1834.40761732685	1994.25661692249
16.75	540.95948685662	701.383834324361	908.428675591137	1071.19667524511	1252.04373999336	1432.89080474161	1595.65880439558	1802.70364566236	1963.1279931301
17	500.743075315132	661.744857071737	869.534939273365	1032.88880900014	1214.38681793407	1395.884826868	1559.23869659478	1767.02877879641	1928.03056055301
17.25	457.754768605278	619.336074123994	827.874093949995	991.8159537481	1173.96726234	1356.11857093189	1520.06043073	1728.598450556	1890.17975607471
17.5	413.162526604745	575.325448866781	784.614107534077	949.146080961252	1131.95304863793	1314.76001631461	1479.29198974179	1688.58064840908	1850.74357067112
17.75	367.674192865134	530.420830202083	740.462835832842	905.587051875374	1089.05204409517	1272.51703631497	1437.6412523575	1647.68325798826	1810.42989532521
18	321.911663852709	485.243089609954	696.039827471613	861.757375155476	1045.88160190531	1230.00582865514	1395.72337633901	1606.52011420066	1769.85153995791
