age	C0.4	C2	C10	C25	C50	C75	C90	C98	C99.6
6	265.596690542122	311.473545012953	370.68255038941	417.229623514549	468.946801124392	520.663978734235	567.211051859373	626.420057235831	672.296911706662
6.25	263.824951956344	309.87298016361	369.302903621697	416.023651174144	467.933793681679	519.843936189213	566.56468374166	625.994607199747	672.042635407013
6.5	262.052692442242	308.272011910115	367.92300512739	414.817546348237	466.920786238972	519.024026129708	565.918567350555	625.56956056783	671.788880035703
6.75	260.278125563308	306.669256845435	366.541991652262	413.610854699967	465.907778796296	518.204702892624	565.27356594033	625.146300747157	671.537432029284
7	258.500359955072	305.064024701608	365.159432464976	412.403349532339	464.894771353619	517.386193174898	564.630110242262	624.725518005629	671.289182752165
7.25	256.719752897742	303.456592154509	363.775500212863	411.195121710796	463.881763910769	516.568406110742	563.988027608675	624.306935667029	671.043774923796
7.5	254.936293659985	301.846950893802	362.390189710148	409.986168505929	462.868756467542	515.751344429155	563.347323224936	623.890562041282	670.801219275099
7.75	253.149969954614	300.235091404274	361.003495019143	408.776486792518	461.855749023571	514.935011254624	562.708003027998	623.476406642867	670.561528092527
8	251.360770722489	298.621005121689	359.615410795558	407.566073757628	460.842741578441	514.119409399255	562.070072361325	623.064478035193	670.324712434393
8.25	249.568683878263	297.004682687125	358.225931199212	406.354926327333	459.829734131736	513.30454193614	561.43353706426	622.654785576347	670.090784385209
8.5	247.773697376326	295.386114772431	356.835050409127	405.14304143781	458.816726683035	512.49041192826	560.798402956944	622.247338593639	669.859755989744
8.75	245.975796678336	293.765290119108	355.442761399793	403.930415391312	457.803719231973	511.677023072633	560.164677064152	621.842148344837	669.631641785609
9	244.174961844968	292.142193286187	354.049054535854	402.717043116555	456.790711778282	510.864380440009	559.53236902071	621.439230270377	669.406461711596
9.25	242.371172102803	290.516808186791	352.653919778917	401.502919330152	455.777704321734	510.052489313317	558.901488864551	621.038600456678	669.184236540666
9.5	240.56440682283	288.889118845882	351.257347160399	400.288038785484	454.764696862157	509.241354938829	558.272046563915	620.640274878431	668.964986901483
9.75	238.754645454602	287.259109349274	349.859326749702	399.072396255948	453.75168939942	508.430982542893	557.644052049139	620.244269449567	668.748733344239
10	236.941870384607	285.626766057138	348.459850035464	397.855987261913	452.738681933447	507.62137660498	557.017513831429	619.850597809755	668.535493482286
10.25	235.126067066046	283.992077704506	347.058909988272	396.638808103745	451.725674464222	506.8125408247	556.392438940173	619.459271223938	668.325281862398
10.5	233.307221880254	282.355033745147	345.656500027199	395.420855317834	450.712666991707	506.00447866558	555.768833956216	619.070300238268	668.118112103161
10.75	231.485323473224	280.715625386555	344.252614665633	394.202126016492	449.699659515803	505.197193015114	555.146704365972	618.683693645051	667.913995558382
11	229.660361038196	279.073844260008	342.847248681403	392.982617451201	448.686652036404	504.390686621606	554.526055391405	618.2994598128	667.712943034612
11.25	227.832325292108	277.429683176718	341.440397588604	391.762327260928	447.67364455336	503.584961845792	553.906891518117	617.917605930002	667.514963814613
11.5	226.001207773027	275.783135583773	340.032057298118	390.541253293463	446.660637066508	502.780020839554	553.289216834898	617.538138549244	667.320066359989
11.75	224.167003106461	274.13419731917	338.622225212796	389.319394181861	445.647629575751	501.975864969641	552.673033938707	617.161061832333	667.128256045041
12	222.329709726117	272.482867169977	337.210900575753	388.096749527761	444.63462208107	501.172494634379	552.058343586387	616.786376992163	666.939534436023
12.25	220.489327163391	270.829144773311	335.798083160549	386.873319211985	443.621614582467	500.36990995295	551.445146004386	616.414084391623	666.753902001544
12.5	218.645857536922	269.173031769851	334.383773991004	385.649103773413	442.608607080017	499.568110386621	550.833440169031	616.044182390183	666.571356623112
12.75	216.799303210763	267.514529990327	332.96797420954	384.424103813353	441.595599573809	498.767095334266	550.223224938079	615.676669157292	666.391895936856
13	214.949662459853	265.853638098906	331.550682982663	383.198318893224	440.582592064043	497.966865234862	549.614501145423	615.31154602918	666.215521668233
13.25	213.096931198879	264.190352932001	330.131898336373	381.971747974218	439.569584550973	497.167421127728	549.007270765573	614.948816169945	666.042237903067
13.5	211.241104951156	262.524671022974	328.711618107605	380.744389918072	438.55657703497	496.368764151867	548.401535962335	614.588483046966	665.872049118784
13.75	209.382178668215	260.856588462435	327.289839857072	379.516243441221	437.543569516554	495.570895591887	547.797299176036	614.230550570674	665.704960364894
14	207.520147456832	259.186101461212	325.866561220504	378.287307299575	436.530561996242	494.773816692908	547.194562771979	613.875022531271	665.540976535651
14.25	205.655007101602	257.513206755011	324.441780161113	377.05758042135	435.517554474437	493.977528527525	546.593328787762	613.521902193864	665.380101847272
14.5	203.786753494844	255.837901162946	323.015494694146	375.827061762132	434.50454695151	493.182032140888	545.993599208874	613.171192740074	665.222340408176
14.75	201.915381118316	254.160180411766	321.587702153141	374.595749918634	433.491539427654	492.387328936674	545.395376702167	612.822898443542	665.067697736993
15	200.040883432111	252.480039437017	320.158399377878	373.363643227647	432.478531902945	491.593420578243	544.798664428011	612.477024368872	664.916180373778
15.25	198.163250246239	250.797470347647	318.727581444329	372.130739097663	431.465524377478	490.800309657293	544.203467310627	612.133578407309	664.767798508717
15.5	196.282464845294	249.112460199364	317.295240275233	370.89703327763	430.452516851395	490.008000425161	543.609793427558	611.792573503427	664.622568857497
15.75	194.398508909198	247.42499480523	315.861367017911	369.662521108392	429.439509324848	489.216497541305	543.017651631785	611.454023844467	664.480509740499
16	192.511359902808	245.735056714195	314.425950782881	368.42719685883	428.426501798036	488.425806737242	542.427052813191	611.117946881877	664.341643693264
16.25	190.620994005454	244.042627479703	312.988980059457	367.191054470885	427.413494271162	487.635934071439	541.838008482866	610.78436106262	664.205994536869
16.5	188.727390338195	242.347690933239	311.550444758435	365.954088634593	426.400486744347	486.846884854101	541.250528730259	610.453282555455	664.073583150499
16.75	186.830530484533	240.650232813175	310.110335980492	364.716294666201	425.387479217639	486.058663769078	540.664622454786	610.124725622103	663.944427950745
17	184.930396778523	238.950239439097	308.668645188971	363.477668072807	424.374471691045	485.271275309283	540.080298193119	609.798703942993	663.818546603567
17.25	183.026973165597	237.247698378417	307.225364625838	362.238204771272	423.3614641645	484.484723557727	539.497563703161	609.475229950582	663.695955163402
17.5	181.120243908379	235.542597444178	305.78048668633	360.997900759118	422.348456637924	483.69901251673	538.916426589519	609.154315831671	663.576669367469
17.75	179.210193251273	233.834924435325	304.334003756914	359.756752029286	421.335449111314	482.914146193342	538.336894465713	608.835973787302	663.460704971354
18	177.298441486871	232.125934097926	302.886698806626	358.515170663985	420.322441584689	482.129712505393	537.758184362753	608.518949071452	663.346441682508
