age	C0.4	C2	C10	C25	C50	C75	C90	C98	C99.6
6	589.872784753383	674.703825587957	815.480030182609	960.995625733852	1175.73403306382	1475.10086966496	1859.4197382429	2624.80326258347	3617.37664634359
6.25	585.822882286743	670.534427222333	810.785614680433	955.276774982735	1167.53679806514	1461.44793908796	1835.31979376348	2568.69090949086	3498.95954527296
6.5	581.798646541404	666.386613526457	806.102922521358	949.561234911656	1159.35013898435	1447.89792981541	1811.67384624488	2514.92259974903	3388.59914150304
6.75	577.806483408845	662.269914687444	801.447634514319	943.872283571715	1151.21032913473	1434.50581797754	1788.55110050374	2463.48428944337	3285.68437852615
7	573.849347404872	658.188869400355	796.827399801514	938.2213990722	1143.13513808424	1421.29661288032	1765.97345535112	2414.28332019179	3189.55273740356
7.25	569.925730217213	654.141253369208	792.238647934616	932.603477771445	1135.116606315	1408.25484045703	1743.90139903951	2367.12940893826	3099.4589719376
7.5	566.03544584318	650.126839963279	787.681117778417	927.018304497792	1127.15435865906	1395.37711104383	1722.3151520782	2321.88131624305	3014.80802235359
7.75	562.178317281909	646.145412894657	783.15456292389	921.465683566822	1119.24804627833	1382.66017666864	1701.19610685794	2278.41113809869	2935.08228494882
8	558.354162335824	642.196746898333	778.65872286539	915.945398951355	1111.39728894849	1370.10084124314	1680.52662255739	2236.60255626463	2859.82903272425
8.25	554.56279653908	638.280614748235	774.19333810332	910.457239096464	1103.60171633835	1357.69602360626	1660.29005550432	2196.34969395791	2788.65072381222
8.5	550.804027353727	634.396779144783	769.758137740211	905.000979479934	1095.86094234164	1345.4427149274	1640.47063459082	2157.55586753558	2721.19665196444
8.75	547.077655579488	630.544994532725	765.352842097834	899.576386101081	1088.17457002509	1333.33798194015	1621.05340916429	2120.13260215038	2657.15620076709
9	543.383465488905	626.724996034155	760.97714978028	894.183200659899	1080.54217421201	1321.37894239852	1602.02416702632	2083.99872720586	2596.25317765366
9.25	539.721237259358	622.936513158314	756.630753441904	888.821158306678	1072.96332206277	1309.56278585946	1583.36941086822	2049.07965090347	2538.24116056408
9.5	536.090730242572	619.17925043815	752.313316226141	883.489959881116	1065.4375395	1297.8867292626	1565.07626034062	2015.30662671671	2482.89946887214
9.75	532.491696755763	615.452903209549	748.024490829768	878.189294252406	1057.96433828135	1286.34804710474	1547.132448655	1982.61621948257	2430.02989895466
10	528.923876648137	611.757150625251	743.763909922872	872.918826001836	1050.54319975322	1274.94404690302	1529.52625392731	1950.9497474582	2379.45384482728
10.25	525.386997473227	608.091655757807	739.531186241409	867.678195548746	1043.17357522145	1263.67206725056	1512.24646343295	1920.25282763837	2331.00989569584
10.5	521.880791206257	604.456085054519	735.325936535751	862.467047561716	1035.85492071276	1252.52951810489	1495.282391516	1890.47503797288	2284.55185994039
10.75	518.404997280847	600.850111078027	731.147783667871	857.285032178277	1028.58669676128	1241.51387576989	1478.62384208051	1861.56954443658	2239.94697478048
11	514.959359229403	597.273409844846	726.996355468046	852.131805680994	1021.36837214329	1230.62268869738	1462.26109301073	1833.49280389291	2197.07441523422
11.25	511.543622466129	593.725659769096	722.871285971962	847.00703431707	1014.19943175496	1219.8535886571	1446.18488900733	1806.20430852836	2155.82401533413
11.5	508.15753497242	590.206541815738	718.772214509502	841.910392017254	1007.07937205745	1209.20428036834	1430.38640300049	1779.6663052554	2116.09508341453
11.75	504.800847084553	586.715739866853	714.698787291318	836.841563377586	1000.00770631259	1198.67254775578	1414.85722467939	1753.84358361464	2077.79542606733
12	501.47331104594	583.252940584309	710.650657843418	831.800244604892	992.98396619489	1188.25625412921	1399.58934099574	1728.70327033297	2040.84047287433
12.25	498.174683455541	579.817835167161	706.627487156165	826.786141477226	986.007695994009	1177.95332857572	1384.57509614456	1704.21460771698	2005.15245618693
12.5	494.904728735096	576.41012402487	702.628950414269	821.798978115994	979.07846430361	1167.76177950921	1369.80719212835	1680.34881169687	1970.65976938314
12.75	491.663215964723	573.02951242241	698.654730480812	816.838488022298	972.195851374191	1157.67967514175	1355.27864702331	1657.07888467693	1937.29632503327
13	488.449928732892	569.675721897697	694.704531694231	811.904430002778	965.359467807213	1147.70516370713	1340.98280371769	1634.37950812953	1905.00106365076
13.25	485.26466013686	566.348484472805	690.778072785228	806.996579723561	958.568944237607	1137.83645913904	1326.91329907575	1612.22689793434	1873.717463176
13.5	482.10723977467	563.047573917992	686.875124544885	802.11477315076	951.823982152594	1128.07189884067	1313.06411757168	1590.59877181906	1843.39321678066
13.75	478.977548782241	559.772823350238	682.99553116312	797.258931134172	945.124382504203	1118.40997528075	1299.42961528713	1569.47428977655	1813.97991243612
14	475.875481536852	556.524080912419	679.139156604524	792.428996981989	938.469971784356	1108.84924699501	1286.00440526096	1548.83383612628	1785.43255930738
14.25	472.800970997253	553.30123912612	675.305919923243	787.624977117673	931.860649497461	1099.38839255659	1272.78340909348	1528.65900904617	1757.70937887997
14.5	469.753958568701	550.10420008585	671.495753284319	782.846892361347	925.296330734929	1090.02614164358	1259.76176757897	1508.93244796916	1730.77143200821
14.75	466.73439009117	546.932869960983	667.70859400057	778.094767488145	918.776932448954	1080.76125613724	1246.9348085111	1489.63773379978	1704.58234777437
15	463.742213639228	543.787156739528	663.94438224768	773.368628954254	912.302371381388	1071.59252732127	1234.29803604542	1470.75932372651	1679.1081119473
15.25	460.777370040811	540.666959359024	660.203048162479	768.668490177942	905.872547215359	1062.51875565406	1221.84710038054	1452.28246702447	1654.31684824256
15.5	457.839789213479	537.57216301636	656.484505580023	763.994343815369	899.487333104481	1053.5387383234	1209.5777760095	1434.19313406269	1630.17862663658
15.75	454.929393745813	534.502643823392	652.788658400073	759.346169762867	893.146585967297	1044.65128134582	1197.48596989657	1416.47798639544	1606.66533129092
16	452.046081998713	531.458247801856	649.115373306036	754.72390208164	886.850106113122	1035.85514988234	1185.56765677246	1399.1242605885	1583.75043786892
16.25	449.18974346763	528.438809899115	645.464504488443	750.127459105693	880.597674509176	1027.14911307653	1173.81892676303	1382.11979315024	1561.40896412857
16.5	446.360251523001	525.444146039242	641.835884762825	745.556733787282	874.38904233306	1018.53193193289	1162.23596678661	1365.45296787291	1539.61733855536
16.75	443.557466477683	522.474056698972	638.229329921231	741.011598763065	868.223937057445	1010.00236575576	1150.81506281796	1349.11268942655	1518.35330507182
17	440.781251094791	519.528345125804	634.644660928152	736.491932084908	862.102092657192	1001.55920655567	1139.55263418327	1333.08839658438	1497.59587842726
17.25	438.031474222347	516.606821742307	631.081709374053	731.99762353191	856.023256987572	993.201286738692	1128.44523742723	1317.37004137731	1477.32526634562
17.5	435.308003810997	513.709296068966	627.540307772743	727.528563451627	849.987178897045	984.927463531506	1117.48954426957	1301.94804034004	1457.52276579973
17.75	432.610700793445	510.835572517882	624.020288452757	723.084644609481	843.993614007927	976.736628591254	1106.68235158067	1286.81326899923	1438.17071541749
18	429.937844595614	507.980655108726	620.511627519249	718.651176231977	838.021670557249	968.600093268871	1095.98590641185	1271.91226517915	1419.19893229938
