age	C0.4	C2	C10	C25	C50	C75	C90	C98	C99.6
6	257.852412937502	277.514482558101	311.502475834432	350.297992476615	412.423415647428	483.422386317144	539.080279160867	597.724256863157	637.048697304948
6.25	255.059260250543	275.126035388529	309.557928751642	348.441969090635	410.262349844768	481.08552098422	537.290282357626	597.532188558882	638.505477196331
6.5	252.234540339509	272.728959120506	307.630454045842	346.612265886479	408.103440157927	478.718165324669	535.486482072722	597.419891769997	640.169135810623
6.75	249.400935181877	270.335568413176	305.720951090167	344.807335993698	405.954080687483	476.338901239835	533.685664028446	597.387219255273	642.02322902058
7	246.571968325304	267.953173845185	303.829862929046	343.025857336575	403.818076347446	473.957949368144	531.89653778759	597.433260032538	644.058883990407
7.25	243.742784319224	265.579524410022	301.957781977962	341.268958918431	401.694286916932	471.570947744045	530.115048879397	597.562278918343	646.294425865718
7.5	240.913982322872	263.21524460941	300.105343633365	339.537129429095	399.583105715159	469.177893957979	528.340914369227	597.777292993657	648.741417503544
7.75	238.086252724173	260.861032371917	298.273243231517	337.830901024623	397.48498800172	466.778869791292	526.573878825581	598.081481683735	651.412317750798
8	235.260301485276	258.517607032837	296.462209184653	336.150826808543	395.400402083929	464.373959133033	524.813630722786	598.478159190652	654.32060035062
8.25	232.436897700498	256.185731357195	294.672996709402	334.497466333264	393.32983311663	461.963277127171	523.059820056789	598.970742103859	657.480741709557
8.5	229.616854774964	253.8662042326	292.906393516174	332.871395360587	391.273784611704	459.546961502248	521.312049981485	599.562772046343	660.90837566679
8.75	226.80113441612	251.559972376165	291.163345505258	331.273348307685	389.232948813475	457.12537715468	519.570104560418	600.258177846336	664.620688671456
9	223.990978719518	249.268279354803	289.445132107188	329.704418941504	387.208442001045	454.699393483863	517.83426318097	601.061652777229	668.636974049549
9.25	221.187689475768	246.992423568585	287.753089142755	328.165746105065	385.201434245955	452.269950056436	516.104805920309	601.978097918745	672.978171152321
9.5	218.392650882462	244.733784711414	286.088640735544	326.658550508447	383.213192539164	449.838108473344	514.382069807386	603.012696922645	677.667118301471
9.75	215.6072783561	242.493767325665	284.453233984101	325.184060073484	381.244992673948	447.404949643503	512.666327687408	604.170782008677	682.728593925429
10	212.832832130143	240.273591106168	282.848092407263	323.743227412413	379.297787740276	444.971185519555	510.957337860722	605.457306073721	688.188932833517
10.25	210.070425791556	238.074296536118	281.274217635234	322.336729543599	377.372209385268	442.537163105093	509.254339180352	606.876825134977	694.076231983017
10.5	207.321106318089	235.896834051043	279.732492407656	320.965084759599	375.46870597625	440.103028835757	507.556232472845	608.433706541584	700.420854094382
10.75	204.585724507336	233.741913622523	278.223498471707	319.628442481018	373.587300132859	437.668449347039	505.861251096518	610.131721386664	707.255258343955
11	201.865142406254	231.610237419597	276.747787355059	318.326890748972	371.727948393802	435.233034010603	504.167437451536	611.97459618486	714.614976651412
11.25	199.160291540976	229.502566090799	275.305957530433	317.060543303083	369.890643173146	432.796456103152	502.472776326934	613.966162162581	722.539194246074
11.5	196.472161674464	227.419707231848	273.89864081085	315.829523693784	368.075395740367	430.358436398973	500.775172086068	616.110318678406	731.071184247136
11.75	193.80184067672	225.362562997681	272.526559593714	314.634030658658	366.282313408344	427.91883632208	499.072552949966	618.411148822653	740.258997703644
12	191.150521090374	223.332140496289	271.190540459643	313.474353533675	364.511618112304	425.477682271688	497.362896755655	620.872939359133	750.156136899799
12.25	188.51944468714	221.329490078255	269.891440489955	312.350787077495	362.763548643721	423.035054915613	495.644100102746	623.500002515985	760.822098850023
12.5	185.909914287191	219.355721257149	268.63016633662	311.263652552254	361.038385966136	420.591121396735	493.914013004618	626.296693966343	772.323277236153
12.75	183.323268529577	217.411975644712	267.407641445412	310.213259462813	359.336410760531	418.146089923681	492.170384751849	629.267315846356	784.733880553176
13	180.760856586129	215.499399239611	266.224771637398	309.199865142627	357.657858918981	415.700162366063	490.410807603617	632.416007399077	798.137015772243
13.25	178.224044409962	213.619151645114	265.082455078557	308.223685086218	356.002935173157	413.253553570709	488.632738446149	635.74672402595	812.62610217241
13.5	175.714124631039	211.77229919741	263.981447257463	307.284734414884	354.371632084668	410.806285099035	486.833254158797	639.262857219573	828.306092324999
13.75	173.23227421432	209.959762971809	262.922291410831	306.382744919085	352.763638086469	408.358084086985	485.008930396211	642.966990657271	845.295171711036
14	170.779630167476	208.182408829156	261.905425505468	305.517287694625	351.178483182983	405.908558167388	483.156049055378	646.861072821925	863.727396846333
14.25	168.357101777815	206.440817234355	260.930886906303	304.687426683365	349.615145022641	403.456746085754	481.270064983329	650.945586077036	883.754497949361
14.5	165.965576292646	204.735530658424	259.998615747369	303.892070696297	348.072460005966	401.001601060728	479.346183912874	655.220173822371	905.550217044633
14.75	163.605887418801	203.067014972539	259.108401148293	303.129909524481	346.549054491905	398.541917226985	477.379281869014	659.683380221343	929.314254918524
15	161.278853199805	201.43570637642	258.259935877793	302.399477347649	345.043422646113	396.076425430245	475.364028807628	664.332634649054	955.277431275341
15.25	158.985468348792	199.842254373526	257.45312526706	301.69951499304	343.554344175749	393.60427647595	473.295477922558	669.164828864673	983.708518616359
15.5	156.726984591936	198.287632393831	256.688233365337	301.029143094263	342.081081927866	391.125263210195	471.169336357197	674.176318706662	1014.92047727294
15.75	154.504706473275	196.772890438573	255.965567309447	300.387494096244	340.622963366479	388.639330468794	468.98135794429	679.361347556606	1049.27288053126
16	152.319981476451	195.299147329442	255.285465944776	299.773700764024	339.179371773793	386.146550608773	466.727264848866	684.710680563709	1087.17048258508
16.25	150.174165461518	193.867550685842	254.648245278876	299.186834063896	337.749680674034	383.647028097948	464.402557659903	690.20947654967	1129.05343003645
16.5	148.068463240686	192.479072701902	254.053925391003	298.625584696725	336.332901611968	381.140479960272	462.001925952956	695.834037544869	1175.37548338825
16.75	146.003959018318	191.134546131674	253.502269024218	298.088312388327	334.927752224215	378.626305526683	459.519275035577	701.54920164044	1226.57079349977
17	143.981677686391	189.834742904806	252.992879188911	297.573166371781	333.532803414405	376.103757727126	456.947931418131	707.30616737243	1283.00794650061
17.25	142.002519188444	188.580286597974	252.525076331413	297.077947146721	332.146333576797	373.571798042823	454.280536370424	713.04039920537	1344.93103322595
17.5	140.067431783335	187.371880906924	252.098197505039	296.600465169276	330.766736411945	371.029589450641	451.509790944997	718.671762998336	1412.39425257991
17.75	138.177691610088	186.210672508367	251.712072501261	296.139111309584	329.393168385451	368.477277376513	448.629629721236	724.106521161394	1485.1951431401
18	136.313506251475	185.096921807421	251.384206111761	295.707927238197	328.022250899734	365.887418054184	445.58393727376	729.217982630052	1563.38796583487
