age	C0.4	C2	C10	C25	C50	C75	C90	C98	C99.6
6	356.689603201128	432.666882815255	546.00169259333	648.068427697623	775.811209914896	919.606543139223	1063.57667595868	1267.82003171648	1443.21391666931
6.25	341.84555863269	414.265835800164	522.383512200004	619.846669576466	741.952720139777	879.56211626694	1017.49789554359	1213.43432590888	1381.91459176284
6.5	327.068501476048	395.98430455959	498.954015664169	591.866494107368	708.390215189524	839.860560116602	971.795245769637	1159.45121518338	1321.02352323658
6.75	312.829481328436	378.391210094466	476.428763904028	564.97614457579	676.138731823786	801.705502746167	927.861925429375	1107.53389528568	1262.43658615937
7	299.376324720963	361.783627781139	455.179172301595	539.614861417418	645.723476442469	765.72020840586	886.420586840716	1058.54782706825	1207.14335788687
7.25	286.65418265648	346.092151393334	435.114835691773	515.674041342282	617.013942758531	731.750552406142	847.294425754634	1012.28546799418	1154.91106301875
7.5	274.719248442854	331.381628227815	416.314314253779	493.245409398919	590.119351002893	699.926682864355	810.635719247957	968.932273040988	1105.95512663257
7.75	263.708280032786	317.813818783145	398.977636469383	472.564462903705	565.320872876138	670.582772550681	776.833249302758	928.956891476248	1060.81481174944
8	253.761405795531	305.554019686805	383.308722141138	453.871037376092	542.9047603288	644.059160867864	746.283320992834	892.837877419185	1020.04175147982
8.25	244.992310111558	294.735191442177	369.470407777358	437.356064080639	523.098662763636	620.626801326937	719.302209251137	860.958927858917	984.080251558701
8.5	237.495055507811	285.466310922526	357.595064366519	423.174209139549	506.086771629037	600.505196183848	696.146857699239	833.633458556083	953.295159540517
8.75	231.326766645217	277.81168755497	347.758819599118	411.413431738971	491.973438722773	583.819195796654	676.964716537771	811.04434977886	927.90275500648
9	226.483071367477	271.761692032465	339.945145509309	402.052017755592	480.731840301692	570.538023312795	661.722892425053	793.158721701476	907.872856894145
9.25	222.960291982397	267.307634935028	334.138786383344	395.069796681633	472.337010748961	560.633097229727	650.391024143886	779.946731345878	893.178802660556
9.5	220.742872441427	264.426699402758	330.306931381465	390.425884659695	466.739233925983	554.046446095009	642.904634161195	771.337609529933	883.747086997818
9.75	219.821495409939	263.103682139276	328.426412992102	388.090853756041	463.902508736229	550.736358959298	639.218072188556	767.283113497058	879.529983975227
10	220.142205636353	263.270114829058	328.407730453395	387.956961445108	463.69724568236	550.549991423884	639.156640210665	767.579992871149	880.302003442317
10.25	221.603858204275	264.801430157645	330.091742400881	389.8343565904	465.895777942423	553.217977197111	642.410177991569	771.861905534989	885.650175768654
10.5	224.109305214913	267.578297881089	333.326306743638	393.541680484641	470.280676536566	558.482996775412	648.682229924869	779.778327989402	895.178966751876
10.75	227.548634700308	271.466597449501	337.941317845858	398.876588106552	476.609520462673	566.057940513334	657.641452633343	790.936143078643	908.44321722073
11	231.808129560056	276.328148010826	343.762110125274	405.631592993371	484.633840488201	575.648395308161	668.947702415725	804.930919253045	924.983951620406
11.25	236.741045006184	281.985907037093	350.566201050263	413.543044669167	494.038167729539	586.880234671368	682.16785544225	821.245531727927	944.211770777614
11.5	242.176977309428	288.235263105606	358.097473169506	422.307931191302	504.460137206988	599.323460776006	696.803410528713	839.283119238428	965.444414067072
11.75	247.953013615088	294.88117748377	366.11239236626	431.638424412731	515.555662405937	612.569616160825	712.380432705686	858.475265153477	988.031010786257
12	253.918071415248	301.743291260187	374.386294493853	441.269266399235	527.007748568961	626.24226840806	728.461777233098	878.296794856544	1011.36917938629
12.25	259.913311052409	308.632597269492	382.684388665803	450.923567131404	538.485634311814	639.948468219113	744.590651388057	898.197788451761	1034.82680124505
12.5	265.783713555838	315.365200742216	390.778835754116	460.332938876915	549.668842589487	653.307329199947	760.323851206445	917.643623371971	1057.78808305692
12.75	271.371082298201	321.753989510571	398.438400428111	469.225293671083	560.232603793929	665.932703950695	775.211605745904	936.090657466659	1079.62552881575
13	276.568187573106	327.672784278329	405.507842311074	477.418315864345	569.959448234189	677.565841396495	788.952030372995	953.172794872445	1099.91517371415
13.25	281.299043370162	333.032753240378	411.878496856745	484.784709229973	578.697668650223	688.026068487597	801.333869550579	968.632720229368	1118.35771410232
13.5	285.475434986342	337.730839041227	417.424380079999	491.176934972725	586.271454866933	697.103976563318	812.11217300002	982.171813490412	1134.60545042729
13.75	288.991473269515	341.643367541203	421.994345190301	496.418011816691	592.469925249963	704.548362443643	820.993033912223	993.431567405198	1148.24066429471
14	291.739456804936	344.6448547962	425.435372761373	500.32894515526	597.079876693713	710.105155673067	827.678897331174	1002.04827591491	1158.83865724342
14.25	293.610990300636	346.609327152497	427.594200041493	502.730643704253	599.888072233302	713.520137172711	831.871722217345	1007.65683996362	1165.97211716447
14.5	294.509256991179	347.424794051032	428.335160381792	503.464886813252	600.706258173705	714.568698332681	833.307683039171	1009.9328113309	1169.25977068838
14.75	294.437858462033	347.097921708353	427.669095941961	502.545777796361	599.551840454184	713.270802710919	832.007958045147	1008.89659911061	1168.7188926521
15	293.474036916983	345.722071627241	425.713549203609	500.112744247382	596.591718633415	709.824288529791	828.201273733206	1004.82041326447	1164.65856239326
15.25	291.74097950481	343.444399379524	422.651949582486	496.382435568498	592.084836339405	704.536600922757	822.244498781525	998.132550943883	1157.56949409882
15.5	289.430974513089	340.492918104555	418.76670298348	491.687471615957	586.42835153466	697.879794523344	814.687020009509	989.496015636329	1148.2158011707
15.75	286.730354451731	337.087995322367	414.330118357417	486.348257799487	580.004701777815	690.308602644684	806.058560110223	979.55131964315	1137.33718454309
16	283.766438059018	333.38005582088	409.527919924472	480.583244750409	573.07459947228	682.133059491021	796.720380053095	968.735514946025	1125.43864762183
16.25	280.641008548425	329.489131416316	404.508067993457	474.566343270337	565.8455496236	673.599990371963	786.960267681106	957.39721094994	1112.92353692412
16.5	277.370552273169	325.434852072018	399.294978722328	468.326375283584	558.351998626091	664.750289199214	776.825659330705	945.593208420974	1099.85671808307
16.75	273.904670786723	321.158368524485	393.816773406754	461.779218424047	550.493737085928	655.464534529757	766.176645654816	933.152250885203	1086.03777322253
17	270.227256180586	316.641160949997	388.051163185803	454.898970684322	542.239992908414	645.705941002315	754.969787090894	920.020248544863	1071.40222947416
17.25	266.393819218402	311.94861829801	382.078680156811	447.780258546792	533.703662998041	635.608809571996	743.361686617086	906.386892808293	1056.16950324841
17.5	262.466598062697	307.153829685861	375.989091842971	440.52842872349	525.01037702352	625.322663842095	731.526919352292	892.464219631616	1040.58557951531
17.75	258.505809850067	302.327331424563	369.868833063182	433.244812821655	516.280931334555	614.991333056465	719.633581104204	878.456829976871	1024.88835931329
18	254.540347024128	297.502869226122	363.759155868049	425.977725666337	507.5729041785	604.68339480869	707.761867343166	864.462427812873	1009.19153242841
