age	C0.4	C2	C10	C25	C50	C75	C90	C98	C99.6
6	285.371835857807	411.467500442199	574.207491412421	702.145297695641	844.293488899302	986.441680102963	1114.37948638618	1277.11947735641	1403.2151419408
6.25	287.204090336342	414.552261386053	578.908746400919	708.117357117079	851.677504307513	995.237651497946	1124.44626221411	1288.80274722897	1416.15091827868
6.5	289.026288606484	417.628474737673	583.603400828283	714.084346633039	859.058150479805	1004.03195432657	1134.51290013133	1300.48782622194	1429.09001235313
6.75	290.803946956379	420.666828944726	588.268818369244	720.028877638263	866.423869408845	1012.81886117943	1144.57892044845	1312.18090987296	1442.04379186131
7	292.524667576698	423.655072924686	592.892937307969	725.939037287266	873.762913654913	1021.58679002256	1154.63289000186	1323.87075438514	1455.00115973313
7.25	294.211243318545	426.608158909267	597.480590715194	731.811703487157	881.063322360773	1030.31494123439	1164.64605400635	1335.51848581228	1467.915401403
7.5	295.88420403679	429.539305358413	602.035560910864	737.643240350197	888.313217471382	1038.98319459257	1174.5908740319	1347.08712958435	1480.74223090597
7.75	297.582951804605	432.477429357334	606.573232977702	743.438394795116	895.505526132928	1047.57265747074	1184.43781928815	1358.53362290852	1493.42810046125
8	299.351476333685	435.455746891614	611.112918251239	749.205547037103	902.636483292291	1056.06741954748	1194.16004833334	1369.81721969297	1505.9214902509
8.25	301.231443674489	438.506776613973	615.675329685474	754.956128997349	909.7072089694	1064.45828894145	1203.73908825333	1380.90764132483	1518.18297426431
8.5	303.259434072249	441.660512423967	620.281960793855	760.704951623173	916.725089295441	1072.74522696771	1213.16821779703	1391.78966616691	1530.19074451863
8.75	305.471034273855	444.946646517364	624.954896221173	766.468118894272	923.699583296991	1080.93104769971	1222.44427037281	1402.45252007662	1541.92813232013
9	307.898569491748	448.393381021497	629.717016810833	772.264328334462	930.64474052609	1089.02515271772	1231.57246424135	1412.89610003068	1553.39091156043
9.25	310.577056653881	452.030976378812	634.592444250147	778.11287565767	937.574494689859	1097.03611372205	1240.55654512957	1423.11801300091	1564.57193272584
9.5	313.560939327517	455.903719776371	639.61235782728	784.034635396485	944.498270989306	1104.96190658213	1249.38418415133	1433.09282220224	1575.4356026511
9.75	316.911900108196	460.060829423759	644.80988912375	790.050092653251	951.422503370271	1112.79491408729	1258.03511761679	1442.78417731678	1585.93310663235
10	320.665376046346	464.524771887638	650.190764904589	796.151814222396	958.325136944408	1120.49845966642	1266.45950898423	1452.12550200118	1595.98489784247
10.25	324.829676074006	469.290424537015	655.732527664893	802.303714813201	965.154944961566	1128.00617510993	1274.57736225824	1461.01946538612	1605.48021384912
10.5	329.400386531132	474.340786772159	661.401932008114	808.459778205818	971.851721890034	1135.24366557425	1282.30151177195	1469.36265700791	1614.30305724894
10.75	334.342047028997	479.630187027081	667.140127747877	814.550793860698	978.334746085716	1142.11869831073	1289.52936442356	1477.03930514435	1622.32744514244
11	339.615718215816	485.10973181619	672.885374520381	820.504921859496	984.520956291928	1148.53699072436	1296.15653806347	1483.93218076767	1629.42619436804
11.25	345.202670210969	490.748113479393	678.590131690957	826.261860038275	990.335871359221	1154.40988268017	1302.08161102749	1489.92362923905	1635.46907250747
11.5	351.092410915213	496.521529370723	684.213417924255	831.767122060118	995.709999913451	1159.65287776678	1307.20658190265	1494.89847045618	1640.32758891169
11.75	357.267982376515	502.40842069813	689.727736550306	836.988543200995	1000.60599068363	1164.22343816626	1311.48424481694	1498.80356066912	1643.94399899073
12	363.704984830216	508.390276363289	695.122176426813	841.921187012945	1005.02554554096	1168.12990406897	1314.9289146551	1501.66081471863	1646.3461062517
12.25	370.365262941948	514.437584612159	700.378381267999	846.555467065275	1008.96882200046	1171.38217693564	1317.55926273292	1503.50005938876	1647.57238105897
12.5	377.172317969043	520.488125824082	705.452560192956	850.862080203928	1012.42261382442	1173.98314744492	1319.39266745589	1504.35710182476	1647.6729096798
12.75	384.039369780011	526.470442323988	710.293030801429	854.80489033207	1015.3680579878	1175.93122564352	1320.44308517416	1504.2656736516	1646.69674619558
13	390.859887662824	532.291192193133	714.823472728164	858.320958553869	1017.75708337878	1177.1932082037	1320.6906940294	1503.22297456443	1644.65427909474
13.25	397.516102409664	537.844545753669	718.953465540397	861.331978392086	1019.52484300422	1177.71770761636	1320.09622046804	1501.20514025477	1641.53358359878
13.5	403.891007721461	543.025421320051	722.593317546394	863.760356976147	1020.60718666223	1177.45401634832	1318.62105577807	1498.18895200441	1637.323365603
13.75	409.869135938183	547.730226584593	725.654762855438	865.529877255659	1020.94128443878	1176.3526916219	1316.22780602212	1494.15234229297	1632.01343293938
14	415.347665453886	551.866142879879	728.057892666053	866.570779501407	1020.46865296077	1174.36652642013	1312.87941325548	1489.07116304166	1625.58964046765
14.25	420.271421002445	555.381109272969	729.754665426591	866.838181992474	1019.14792130863	1171.45766062478	1308.54117719066	1482.91473334428	1618.02442161481
14.5	424.598939582969	558.235216515993	730.707177174238	866.295757217966	1016.944513524	1167.59326983003	1303.18184987375	1475.653810532	1609.29008746502
14.75	428.316763404007	560.417384910561	730.907417394981	864.937907498686	1013.85551276234	1162.77311802599	1296.80360812969	1467.29364061411	1599.39426212067
15	431.430844870621	561.936524967059	730.368114351665	862.780362418	1009.89998329201	1157.01960416603	1289.43185223236	1457.86344161697	1588.36912171341
15.25	433.948659346123	562.804456004738	729.106693704982	859.844955053742	1005.10465515128	1150.36435524882	1281.10261659758	1447.40485429783	1576.26065095644
15.5	435.880345156364	563.03794498681	727.14847738622	856.163732812856	999.509048238825	1142.8543636648	1271.86961909143	1435.98015149084	1563.13775132129
15.75	437.239264264537	562.657012663688	724.522080025488	851.772066391428	993.156039730524	1134.54001306962	1261.78999943556	1423.65506679736	1549.07281519651
16	438.050645256508	561.693167236072	721.26711434052	846.715939861427	986.098692735466	1125.48144560951	1250.93027113041	1410.50421823486	1534.14674021442
16.25	438.344137125791	560.182378111553	717.427706911739	841.045892552785	978.394671613867	1115.74345067495	1239.36163631599	1396.60696511618	1518.44520610194
16.5	438.152629891353	558.168593100151	713.06207681553	834.831362877105	970.125880273284	1105.42039766946	1227.18968373104	1382.08316744642	1502.09913065522
16.75	437.513604524657	555.703854370636	708.241059008867	828.157959714364	961.394342494763	1094.63072527516	1214.54762598066	1367.08483061889	1485.27508046487
17	436.4749529441	552.848766148233	703.041664313547	821.115591908301	952.304297760826	1083.49300361335	1201.56693120811	1351.75982937342	1468.13364257755
17.25	435.102149972801	549.678323423849	697.551174518955	813.801200496986	942.963419236102	1072.12563797522	1188.37566395325	1336.24851504836	1450.8246884994
17.5	433.463022557142	546.268075434245	691.855105306544	806.308136267812	933.473763079524	1060.63938989124	1175.0924208525	1320.6794507248	1433.48450360191
17.75	431.614675552388	542.676871674357	686.014557816023	798.699270487739	923.90016729794	1049.10106410814	1161.78577677986	1305.12346292152	1416.18565904349
18	429.677605976528	539.011226103898	680.11799936938	791.048883140859	914.301148713022	1037.55341428519	1148.48429805666	1289.59107132215	1398.92469144952
