age	C0.4	C2	C10	C25	C50	C75	C90	C98	C99.6
6	773.253650578337	888.198614345537	1036.54742893168	1153.17163291324	1282.74959057999	1412.32754824675	1528.9517522283	1677.30056681445	1792.24553058165
6.25	759.127584235775	874.481697652306	1023.35856378136	1140.39789471236	1270.43708855861	1400.47628240487	1517.51561333586	1666.39247946492	1781.74659288145
6.5	745.00033078294	860.76386166713	1010.16912498739	1127.62385459874	1258.12458653725	1388.62531847577	1506.08004808712	1655.48531140738	1771.24884229157
6.75	730.867819225844	847.041953833691	996.977145335863	1114.84847721367	1245.812084516	1376.77569181832	1494.64702369613	1644.5822151983	1760.75634980615
7	716.728021743452	833.314403818077	983.781644929108	1102.07124683007	1233.49958249498	1364.92791815988	1483.21752006084	1633.68476117187	1750.2711432465
7.25	702.581761716816	819.581849242294	970.58302164714	1089.29237285514	1221.18708047441	1353.08178809369	1471.79113930168	1622.79231170653	1739.79239923201
7.5	688.42902412014	805.844278470504	957.38126822923	1076.51185146763	1208.87457845458	1341.23730544153	1460.36788867993	1611.90487843865	1729.32013278902
7.75	674.269793749336	792.101679728833	944.176377328557	1063.72967880104	1196.56207643587	1329.3944740707	1448.94777554318	1601.02247314291	1718.8543591224
8	660.104058176838	778.354043393541	930.968342940023	1050.94585169508	1184.24957441874	1317.55329714241	1437.53080589746	1590.14510544394	1708.39509066064
8.25	645.931800250836	764.601356182468	917.757156775668	1038.16036578795	1171.93707240369	1305.71377901943	1426.11698803171	1579.27278862491	1697.94234455655
8.5	631.752999521315	750.843602259354	904.542808953775	1025.3732158791	1159.62457039126	1293.87592490342	1414.70633182875	1568.40553852317	1687.4961412612
8.75	617.567637836829	737.080767567928	891.325290703339	1012.58439735252	1147.31206838196	1282.0397394114	1403.29884606059	1557.543369196	1677.0564989271
9	603.375702403023	723.312842200411	878.104595842014	999.793906954626	1134.99956637624	1270.20522579786	1391.89453691047	1546.68629055207	1666.62343034946
9.25	589.177181299171	709.539816925548	864.880718609596	987.001741653962	1122.68706437451	1258.37238709505	1380.49341013942	1535.83431182347	1656.19694744984
9.5	574.972063235473	695.76168300064	851.653653550696	974.207898579454	1110.37456237704	1246.54122617463	1369.09547120339	1524.98744175345	1645.77706151861
9.75	560.760337136542	681.97843184902	838.423395313513	961.412374914525	1098.06206038409	1234.71174585365	1357.70072545467	1514.14568891916	1635.36378363164
10	546.541989747399	668.190053206094	825.189937492867	948.615167288069	1085.74955839561	1222.88394950316	1346.30917929836	1503.30906358513	1624.95712704383
10.25	532.317005543865	654.39653504995	811.953272586894	935.816271751652	1073.4370564113	1211.05784107095	1334.92084023571	1492.47757777265	1614.55710727874
10.5	518.085369355524	640.597865632635	798.713393264697	923.015684446837	1061.12455443088	1199.23342441491	1323.53571559705	1481.65124322912	1604.16373950623
10.75	503.847067212401	626.794034135823	785.470292775492	910.213401820537	1048.81205245411	1187.41070308769	1312.15381213273	1470.8300707724	1593.77703769583
11	489.602084179811	612.985028994136	772.223963902356	897.409420074353	1036.49955048085	1175.58968088735	1300.77513705935	1460.01407196757	1583.3970167819
11.25	475.350395747801	599.170831227238	758.974394801515	884.603732974914	1024.18704851128	1163.77036404766	1289.39970222105	1449.20326579533	1573.02370127477
11.5	461.0919727562	585.351418253724	745.72157138217	871.796333106296	1011.87454654576	1151.95275998522	1278.02752170934	1438.39767483779	1562.65712033531
11.75	446.826787317622	571.526768477853	732.465480168618	858.987213376355	999.56204458472	1140.13687579308	1266.65860900082	1427.59732069159	1552.29730185182
12	432.554813188654	557.696861576991	719.206108479633	846.176367111142	987.24954262875	1128.32271814636	1255.29297677787	1416.80222368051	1541.94427206885
12.25	418.276023868874	543.861677029486	705.943443509802	833.36378757136	974.93704067844	1116.51029378552	1243.93063784708	1406.01240432739	1531.59805748801
12.5	403.990391906622	530.021193577069	692.677471994092	820.549467775843	962.62453873446	1104.69960969308	1232.57160547483	1395.22788389185	1521.2586855623
12.75	389.697889877848	516.175389982847	679.408180680805	807.733400750441	950.312036797473	1092.8906728445	1221.21589291414	1384.4486836121	1510.9261837171
13	375.398493583781	502.3242475075	666.135557876624	794.915580341047	937.999534867832	1081.08348939462	1209.86351185904	1373.67482222816	1500.60057615188
13.25	361.092180598329	488.467748784418	652.859592744745	782.096000844251	925.687032945702	1069.27806504715	1198.51447314666	1362.90631710699	1490.28188529307
13.5	346.778924365132	474.605873248453	639.580272452325	769.274655505949	913.374531030902	1057.47440655586	1187.16878960948	1352.14318881335	1479.97013769667
13.75	332.458692172131	460.738595567404	626.297581191656	756.451536006102	901.062029122735	1045.67252223937	1175.82647705381	1341.38546267807	1469.66536607334
14	318.131448784299	446.865888455261	613.011501935791	743.626633382911	888.749527220366	1033.87242105782	1164.48755250494	1330.63316598547	1459.36760565643
14.25	303.797151310742	432.987718697261	599.722013958055	730.79993672719	876.437025322554	1022.07411391792	1153.15203668705	1319.88633194785	1449.07689933436
14.5	289.45575446144	419.104051220752	586.429095372403	717.971434519528	864.124523427971	1010.27761233641	1141.81995148354	1309.14499563519	1438.7932923945
14.75	275.107210365807	405.214848954743	573.132723045883	705.14111458434	851.812021535461	998.482928486581	1130.49132002504	1298.40919411618	1428.51683270511
15	260.751469258103	391.320073360676	559.832872929818	692.308964264151	839.499519644	986.690075023849	1119.16616635818	1287.67896592732	1418.2475700299
15.25	246.388484998379	377.419688707829	546.529522727712	679.474971823761	827.187017752756	974.899063681751	1107.8445127778	1276.95434679768	1407.98555050713
15.5	232.018218336135	363.51366460071	533.22265347241	666.639127280384	814.874515861231	963.109904442079	1096.52637825005	1266.23536712175	1397.73081338633
15.75	217.640634226041	349.6019739003	519.91224822884	653.801421720766	802.562013968993	951.322606217219	1085.21177970915	1255.52205403769	1387.48339371194
16	203.25571607082	335.684603753689	506.598298976597	640.961850923571	790.249512075744	939.537173227917	1073.90072517489	1244.8144203978	1377.24330808067
16.25	188.863452999893	321.761545742702	493.280800462595	628.12041212394	777.93701018123	927.75360823852	1062.59321989987	1234.11247461976	1367.01056736257
16.5	174.46383213802	307.832789896778	479.959746465075	615.277102047234	765.624508285272	915.97191452331	1051.28927010547	1223.41622667377	1356.78518443252
16.75	160.056838896588	293.898324918537	466.635129934349	602.431916983076	753.312006387714	904.192095792351	1039.98888284108	1212.72568785689	1346.56717387884
17	145.642452575312	279.958134777798	453.306940867502	589.584851666881	740.999504488597	892.414157310314	1028.69206810969	1202.0408741994	1336.35655640188
17.25	131.220639303471	266.012193245327	439.975162897459	576.735897484697	728.687002588253	880.638107691809	1017.39884227905	1191.36181193118	1326.15336587304
17.5	116.791363892203	252.06047307114	426.639779020214	563.885045487374	716.374500687062	868.86395588675	1006.10922235391	1180.68852830298	1315.95763748192
17.75	102.354592007828	238.102947667487	413.300772644969	551.032286943208	704.061998785342	857.091710627477	994.823224925715	1170.0210499032	1305.76940556286
18	87.9139812280182	224.142449443365	399.959911211969	538.17855206881	691.749496883467	845.320441698124	983.539082554965	1159.35654432357	1295.58501253892
