age	C0.4	C2	C10	C25	C50	C75	C90	C98	C99.6
6	861.681324442962	990.761586318411	1157.35352047635	1288.31952627234	1433.83226698524	1579.34500769815	1710.31101349414	1876.90294765207	2005.98320952752
6.25	842.422672759064	973.695113484437	1143.11628976912	1276.30650013205	1424.29049359848	1572.27448706491	1705.46469742783	1874.88587371251	2006.15831443789
6.5	823.108523457036	956.585663586858	1128.85224111792	1264.2793595161	1414.74872021164	1565.21808090717	1700.64519930535	1872.91177683641	2006.38891696623
6.75	803.548539555664	939.285840668445	1114.46939856652	1252.18969682112	1405.20694682447	1558.22419682782	1695.94449508241	1871.12805298049	2006.86535409327
7	783.62619784501	921.705409768206	1099.91145496112	1240.00787718939	1395.66517343666	1551.32246968393	1691.4188919122	1869.62493710511	2007.70414902831
7.25	763.34947198105	903.850545643292	1085.18226338682	1227.73592852694	1386.12340004777	1544.5108715686	1687.06453670871	1868.39625445224	2008.89732811449
7.5	742.71474012133	885.718443557845	1070.28007367155	1215.37292970547	1376.5816266573	1537.79032360914	1682.88317964305	1867.44480975676	2010.44851319327
7.75	721.775524548401	867.350550885835	1055.23074922357	1202.93249282133	1367.03985326466	1531.14721370799	1678.84895730575	1866.72915564348	2012.30418198092
8	700.632611252048	848.82491576753	1040.08299254752	1190.4402503506	1357.49807986923	1524.55590938786	1674.91316719094	1866.17124397093	2014.36354848641
8.25	679.46110986094	830.277142178249	1024.92142133233	1177.94073718757	1347.95630647045	1517.97187575333	1670.99119160857	1865.63547076265	2016.45150307996
8.5	658.537176694087	811.921084118873	1009.87948174944	1165.50418700599	1338.41453306782	1511.32487912964	1666.9495843862	1864.90798201676	2018.29188944155
8.75	638.216884210779	794.032482229007	995.129237601872	1153.2211582152	1328.87275966089	1504.52436110659	1662.61628171992	1863.71303709278	2019.52863511101
9	619.01528793383	777.010192796509	980.9195775913	1141.22264271793	1319.33098624939	1497.43932978084	1657.74239490747	1861.65177970226	2019.64668456494
9.25	601.469659496423	761.27027614826	967.510125842307	1129.64528254675	1309.789212833	1489.93314311924	1652.06829982369	1858.30814951774	2018.10876616957
9.5	586.011867536923	747.147169086287	955.109572913243	1118.59891303416	1300.24743941128	1481.89596578841	1645.38530590932	1853.34770973628	2014.48301128564
9.75	573.023884005953	734.93666868005	943.902497938924	1108.18067949803	1290.70566598373	1473.23065246942	1637.50883402853	1846.47466328741	2008.3874479615
10	562.907769017228	724.950128166818	934.083187195574	1098.4928361941	1281.16389254967	1463.83494890524	1628.24459790377	1837.37765693252	1999.42001608211
10.25	556.072118820573	717.503962333244	925.849085396344	1089.63929968594	1271.62211910826	1453.60493853058	1617.39515282018	1825.74027588328	1987.17211939595
10.5	552.861170225375	712.864746353848	919.366537039315	1081.7076182717	1262.08034565884	1442.45307304597	1604.79415427836	1811.29594496382	1971.2995210923
10.75	553.502732451578	711.20889449031	914.745625675504	1074.75572971106	1252.53857220105	1430.32141469104	1590.3315187266	1793.86824991179	1951.57441195052
11	558.022719125103	712.556474118222	911.99887346688	1068.79022450731	1242.99679873477	1417.20337296223	1573.99472400266	1773.43712335132	1927.97087834444
11.25	565.476298692646	716.175812652223	910.66971235791	1063.57080762937	1233.45502526072	1403.33924289207	1556.24033816353	1750.73423786922	1901.43375182879
11.5	574.534334399044	721.037633579996	910.115867668365	1058.75944532223	1223.91325178005	1389.06705823787	1537.71063589173	1726.7888699801	1873.29216916105
11.75	584.045022915972	726.249986462302	909.780757006456	1054.06320429493	1214.37147829403	1374.67975229313	1518.96219958161	1702.49297012576	1844.69793367209
12	593.059175987936	731.077824906687	909.205707041187	1049.24068149521	1204.82970480413	1360.41872811304	1500.45370256706	1678.58158470156	1816.60023362032
12.25	600.789194989888	734.911236680617	908.010128903426	1044.09157028125	1195.28793131172	1346.48429234219	1482.56573372002	1655.66462594282	1789.78666763355
12.5	606.694317480488	737.331458193924	905.932711616494	1038.47834081855	1185.74615781796	1333.01397481737	1465.55960401942	1634.16085744199	1764.79799815542
12.75	610.345682414604	738.006381709102	902.766217972423	1032.29192268362	1176.2043843239	1320.11684596419	1449.64255067538	1614.4023869387	1742.0630862332
13	611.60484599609	736.828797078765	898.44374820035	1025.49710604924	1166.66261083046	1307.82811561167	1434.88147346056	1596.49642458215	1721.72037566482
13.25	610.478328442882	733.803753525565	892.968453045608	1018.09554917558	1157.12083733839	1296.1461255012	1421.27322163117	1580.43792115122	1703.7633462339
13.5	607.1260483193	729.055091144739	886.417609466215	1010.12792347831	1147.57906384825	1285.03020421819	1408.74051823029	1566.10303655177	1688.03207937721
13.75	601.931314863248	722.879642594148	878.976442810597	1001.69171438252	1138.03729036026	1274.382866338	1397.09813790992	1553.19493812637	1674.14326585727
14	595.252760152906	715.555130668907	870.818253758818	992.878131274966	1128.49551687443	1264.1129024739	1386.17277999005	1541.43590307996	1661.73827359596
14.25	587.373296409489	707.300641105013	862.079753116198	983.759126029515	1118.95374339019	1254.14836075086	1375.82773366418	1530.60684567537	1650.53419037089
14.5	578.521258683027	698.292995364107	852.871278528803	974.392770137686	1109.41196990678	1244.43116967587	1365.95266128476	1520.53094444945	1640.30268113053
14.75	568.557108206736	688.424135358884	843.125401105516	964.743575291619	1099.87019642326	1234.99681755491	1356.61499174101	1511.31625748765	1631.18328463979
15	557.084228829109	677.386923627394	832.650465238402	954.7106717743	1090.32842293859	1225.94617410289	1348.00638063879	1503.26992224979	1623.57261704808
15.25	543.693847242141	664.864808269659	821.248940654115	944.190097990376	1080.78664945185	1217.38320091333	1340.32435824959	1496.70849063405	1617.87945166157
15.5	527.964820372695	650.531658304703	808.717319675749	933.07474639439	1071.24487596238	1209.41500553037	1333.77243224901	1491.95809362006	1614.52493155207
15.75	509.518027987656	634.093885017867	794.872401194654	921.268196932979	1061.70310246963	1202.13800800628	1328.53380374461	1489.31231992139	1613.88817695161
16	488.349608332524	615.54849788677	779.712319107018	908.769467462348	1052.16132897357	1195.55319048479	1324.61033884012	1488.77416006037	1615.97304961461
16.25	464.568739998211	594.980044238015	763.289831448793	895.606324914019	1042.61955547431	1189.6327860346	1321.94927949983	1490.25906671061	1620.67037095041
16.5	438.38235190677	572.548768740542	745.704931848928	881.831396649824	1033.07778197208	1184.32416729434	1320.45063209524	1493.60679520362	1627.7732120374
16.75	410.10175322649	548.495747577002	727.108053282898	867.523856620268	1023.53600846716	1179.54816031406	1319.96396365143	1498.57626935732	1636.97026370783
17	380.02288354847	523.050154810345	707.642201732585	852.758969896113	1013.99423496	1175.22950002388	1320.34626818741	1504.93831510965	1647.96558637152
17.25	348.364434223211	496.381343872346	687.413054749441	837.59235532847	1004.4524614513	1171.31256757413	1321.49186815316	1512.52357903025	1660.54048867939
17.5	315.35035395465	468.662739461637	666.528830379713	822.080968849024	994.910687941795	1167.74040703457	1323.29254550388	1521.15863642195	1674.47102192894
17.75	281.147395645232	440.023474148919	645.070108117609	806.26722002179	985.368914431873	1164.47060884196	1325.66772074614	1530.71435471483	1689.59043321851
18	246.390052861467	410.954896415035	623.343492344914	790.312476924823	975.827140921834	1161.34180491885	1328.31078949876	1540.69938542863	1705.2642289822
