age	C0.4	C2	C10	C25	C50	C75	C90	C98	C99.6
6	964.322698283971	1083.28819338108	1236.82593523511	1357.52940681192	1491.63972693623	1625.75004706055	1746.45351863736	1899.99126049139	2018.9567555885
6.25	946.651631822365	1068.45178178242	1225.64795002503	1349.22748816552	1486.53332704763	1623.83916592974	1747.41870407023	1904.61487231284	2026.4150222729
6.5	928.914379033117	1053.56411583978	1214.43798179875	1340.90873662912	1481.42692715915	1621.94511768917	1748.41587251954	1909.28973847851	2033.93947528518
6.75	910.883973113259	1038.44943365475	1203.08635408385	1332.51542869145	1476.32052727118	1620.12562585092	1749.55470045851	1914.19162088761	2041.75708142911
7	892.471620521241	1023.03897397585	1191.55015944955	1324.0249818651	1471.21412738407	1618.40327290303	1750.87809531858	1919.38928079228	2049.95663424689
7.25	873.828349293963	1007.44969212055	1179.90237871132	1315.47580647505	1466.10772749793	1616.7396485208	1752.31307628453	1924.7657628753	2058.38710570189
7.5	855.100404100758	991.794839191616	1168.21368123259	1306.90509631248	1461.00132761286	1615.09755891325	1753.78897399314	1930.20781603411	2066.90225112497
7.75	836.539885110558	976.269640233952	1156.60588860539	1298.37696695213	1455.89492772887	1613.41288850561	1755.18396685235	1935.52021522379	2075.24997034719
8	818.446204986582	961.105958839142	1145.22368509326	1289.9675667561	1450.78852784576	1611.60948893541	1756.35337059826	1940.47109685237	2083.13085070493
8.25	801.150742300787	946.560412830301	1134.22720174768	1281.76117384124	1445.682127963	1609.60308208475	1757.13705417831	1944.80384309569	2090.2135136252
8.5	785.01175776801	932.910437420502	1123.78955979545	1273.84890314631	1440.57572807963	1607.30255301294	1757.3618963638	1948.24101873875	2096.13969839124
8.75	770.397927757716	920.441533650919	1114.08891358806	1266.32451857948	1435.4693281944	1604.61413780932	1756.84974280075	1950.49712273788	2100.54072863109
9	757.675339701476	909.437197702701	1105.30216643217	1259.28112561477	1430.36292830548	1601.44473099619	1755.42369017878	1951.28865890826	2103.05051690948
9.25	747.209729646119	900.180653646485	1097.60605183585	1252.81174035995	1425.25652841094	1597.70131646193	1752.90700498603	1950.3324031754	2103.30332717576
9.5	739.369945592689	892.957535433922	1091.17880708734	1247.01017037313	1420.15012850904	1593.29008664495	1749.12144993075	1947.34272158416	2100.9303114254
9.75	734.498225683791	888.03287048225	1086.18581087454	1241.96345563918	1415.04372859806	1588.12400155694	1743.90164632157	1942.05458671387	2095.58923151232
10	732.679684539725	885.472571105305	1082.66819287353	1237.69324299965	1409.93732867594	1582.18141435224	1737.20646447835	1934.40208624658	2087.19497281216
10.25	733.733333769473	885.136480844455	1080.53849461754	1234.15350243714	1404.8309287403	1575.50835504346	1729.12336286306	1924.52537663615	2075.92852371113
10.5	737.32374559875	886.764846195001	1079.63462837009	1231.25892601625	1399.72452878901	1568.19013156177	1719.81442920793	1912.68421138302	2062.12531197927
10.75	742.801692016218	889.854908399269	1079.64286966818	1228.84439830874	1394.61812882064	1560.39185933253	1709.59338797309	1899.381349242	2046.43456562505
11	749.489350770186	893.881765470302	1080.23567654184	1226.73753163382	1389.51172883402	1552.28592603423	1698.78778112621	1885.14169219774	2029.53410689786
11.25	756.773307207533	898.370392326932	1081.11663050801	1224.78231882476	1384.4053288289	1544.02833883305	1687.69402714979	1870.44026533087	2012.03735045027
11.5	764.095301685037	902.888475637674	1082.01596547031	1222.8367800567	1379.2989288055	1535.76107755431	1676.58189214069	1855.70938197333	1994.50255592597
11.75	770.975397935883	907.064355281846	1082.70176329762	1220.77885515958	1374.1925287643	1527.60620236903	1665.68329423098	1841.32070224676	1977.40965959272
12	777.014463189555	910.58894494139	1082.98115228487	1218.50703437664	1369.0861287061	1519.66522303557	1655.19110512734	1827.58331247082	1961.15779422265
12.25	781.878050470902	913.203250637962	1082.69251864564	1215.93625921718	1363.97972863172	1512.02319804627	1645.26693861781	1814.75620662548	1946.08140679255
12.5	785.358520535428	914.746477632882	1081.73552550457	1213.01372166679	1358.87332854194	1504.73293541709	1636.01113157931	1803.000179451	1932.38813654846
12.75	787.293301626896	915.092731213349	1080.03161381053	1209.69807553567	1353.76692843755	1497.83578133944	1627.50224306457	1792.44112566175	1920.24055524821
13	787.681960358282	914.24167576694	1077.58057413973	1205.989210603	1348.66052831949	1491.33184603597	1619.74048249925	1783.07938087204	1909.63909628069
13.25	786.607352189405	912.257474126192	1074.42244448261	1201.90819914987	1343.55412818877	1485.20005722767	1612.68581189494	1774.85078225135	1900.50090418814
13.5	784.176466831515	909.22297856102	1070.60892514999	1197.48225141994	1338.44772804647	1479.41320467299	1606.28653094294	1767.67247753191	1892.71898926142
13.75	780.537109168051	905.252648396036	1066.21143944333	1192.74895800788	1333.34132789371	1473.93369777953	1600.47121634408	1761.43000739138	1886.14554661936
14	775.786971565839	900.42213608656	1061.27719494625	1187.73316460298	1328.23492773168	1468.73669086037	1595.1926605171	1756.04771937679	1880.68288389751
14.25	769.836847464661	894.662360541851	1055.76308464676	1182.41218367732	1323.12852756174	1463.84487144616	1590.49397047672	1751.59469458163	1876.42020765882
14.5	762.545990788471	887.864328741196	1049.6010962506	1176.75021987491	1318.02212738532	1459.29403489572	1586.44315852003	1748.17992602944	1873.49826398216
14.75	753.788568966236	879.930596603749	1042.7304240709	1170.71527072881	1312.91572720393	1455.11618367906	1583.10103033697	1745.90085780412	1872.04288544163
15	743.443667762285	870.767528781718	1035.09263909294	1164.27658463163	1307.80932701918	1451.34206940674	1580.52601494543	1744.85112525665	1872.17498627608
15.25	731.427079999714	860.309915680546	1026.64705014148	1157.41274552771	1302.70292683262	1447.99310813752	1578.75880352375	1745.09593798468	1873.97877366552
15.5	717.732888302663	848.553174915812	1017.39079778188	1150.12224847682	1297.59652664566	1445.0708048145	1577.80225550944	1746.63987837551	1877.46016498866
15.75	702.35655128099	835.493789659157	1007.32168749273	1142.40393848724	1292.49012645956	1442.57631443187	1577.65856542639	1749.48646325996	1882.62370163813
16	685.300323945265	821.133506178976	996.440808956037	1134.25838906657	1287.38372627462	1440.50906348268	1578.32664359321	1753.63394637027	1889.46712860398
16.25	666.575750053476	805.48126390074	984.753740426599	1125.68853609016	1282.27732609086	1438.86611609156	1579.80091175512	1759.07338828098	1897.97890212824
16.5	646.39087277686	788.698170361989	972.36101396833	1116.7472903018	1277.17092590799	1437.59456151419	1581.98083784766	1765.643681454	1907.95097903913
16.75	625.142845320548	771.09177891583	959.454544707145	1107.53565800394	1272.06452572554	1436.59339344714	1584.67450674393	1773.03727253525	1918.98620613053
17	603.207844968753	752.953399272551	946.216111639014	1098.14931078141	1266.95812554306	1435.76694030472	1587.70013944711	1780.96285181357	1930.70840611737
17.25	580.854191989994	734.490817236803	932.775374344851	1088.6564893984	1261.85172536032	1435.04696132224	1590.92807637579	1789.21263348384	1942.84925873065
17.5	558.315741765529	715.88512918582	919.245338043753	1079.11666930948	1256.74532517712	1434.37398104477	1594.24531231049	1797.60552116843	1955.17490858872
17.75	535.571468168456	697.12005259754	905.615842344904	1069.52450302835	1251.63892499356	1433.75334695878	1597.66200764222	1806.15779738959	1967.70638181867
18	512.677829496085	678.239308480512	891.914169418415	1059.8943493563	1246.53252480989	1433.17070026349	1601.15088020137	1814.82574113927	1980.3872201237
