age	C0.4	C2	C10	C25	C50	C75	C90	C98	C99.6
6	688.863071320014	990.775882031411	1380.42677328853	1686.75025251779	2027.09787735716	2367.44550219652	2673.76898142578	3063.4198726829	3365.3326833943
6.25	688.912965534926	989.256227347528	1376.88144726647	1681.61244793092	2020.19071346911	2358.76897900731	2663.49997967176	3051.1251995907	3351.4684614033
6.5	688.958532623241	987.733581137148	1373.33485345321	1676.47473066484	2013.28514252967	2350.0955543945	2653.23543160613	3038.83670392219	3337.6117524361
6.75	688.984937946546	986.19768842039	1369.78264740982	1671.33740284375	2006.386629332	2341.43585582025	2642.99061125418	3026.57557024361	3323.78832071745
7	688.992687880905	984.650314311154	1366.22821878648	1666.20513124468	1999.50125963377	2332.79738802287	2632.77430048106	3014.35220495639	3310.00983138664
7.25	689.006470373187	983.112260306284	1362.6873531991	1661.08975825603	1992.63649461138	2324.18323096672	2622.58563602365	3002.16072891647	3296.26651884956
7.5	689.048100016864	981.602622270486	1359.17563770107	1656.00411248431	1985.80209803655	2315.60008358879	2612.42855837203	2990.00157380261	3282.55609605624
7.75	689.143806865203	980.145830954478	1355.71518085001	1650.96847689844	1979.01632451663	2307.06417213482	2602.31746818324	2977.88681807878	3268.88884216805
8	689.320641587344	978.767720449339	1352.33024661242	1646.00588111377	1972.30083221321	2298.59578331266	2592.271417814	2965.83394397708	3255.28102283908
8.25	689.60473661237	977.494023709223	1349.04605237719	1641.14113720828	1965.67998287447	2290.21882854066	2582.31391337175	2953.86594203972	3241.75522913657
8.5	690.02101651459	976.350256236596	1345.88887630298	1636.40112290174	1959.18132037604	2281.96151785034	2572.4737644491	2942.01238451549	3228.34162423749
8.75	690.602338139003	975.367444906079	1342.88738349122	1631.812646591	1952.8295901812	2273.84653377141	2562.77179687118	2930.29173545633	3215.0568422234
9	691.398632670035	974.588444769141	1340.0752964842	1627.40225130959	1946.64335836804	2265.8844654265	2553.21142025188	2918.69827196695	3201.88808406605
9.25	692.461365419348	974.056662549048	1337.48562153181	1623.19476699044	1940.63837038772	2258.081973785	2543.79111924364	2907.2200782264	3188.8153753561
9.5	693.840845519886	973.811829804235	1335.14443869711	1619.20554159348	1934.81805005442	2250.43055851536	2534.49166141173	2895.82427030461	3175.79525458896
9.75	695.584928667937	973.890457159708	1333.07361657279	1615.44493289905	1929.17996580026	2242.91499870147	2525.28631502773	2884.46947444081	3162.77500293258
10	697.712874579115	974.301919739431	1331.26977315621	1611.89952990806	1923.699563683	2235.49959745794	2516.12935420979	2873.09720762657	3149.68625278689
10.25	700.214771060291	975.027886200442	1329.70371128779	1608.53159331508	1918.32961345297	2228.12763359086	2506.95551561814	2861.63134070549	3136.44445584564
10.5	703.075344163586	976.043828743724	1328.33896008027	1605.29526319142	1913.01382327485	2220.73238335827	2497.68868646942	2849.98381780597	3122.9523023861
10.75	706.270018168958	977.313159386836	1327.1234284371	1602.12626069007	1907.67437282595	2213.22248496183	2488.2253172148	2838.03558626507	3109.07872748295
11	709.769777973326	978.794614768417	1326.00004530483	1598.95508756348	1902.2279563439	2205.50082512432	2478.45586738297	2825.66129791939	3094.68613471448
11.25	713.534322920601	980.434805268651	1324.8985283509	1595.69818129764	1896.57625606895	2197.45433084026	2468.253983787	2812.71770686925	3079.6181892173
11.5	717.516193562181	982.173327779837	1323.74176928609	1592.2653008493	1890.61443951462	2188.96357817994	2457.48710974315	2799.05555124941	3063.71268546706
11.75	721.659152393344	983.948022654897	1322.45996530291	1588.58063475153	1884.26001915716	2179.93940356279	2446.06007301141	2784.57201565943	3046.86088592098
12	725.898083768945	985.695997783994	1320.99309400252	1584.58641662462	1877.45773521788	2170.32905381113	2433.92237643323	2769.21947265176	3029.01738666681
12.25	730.170661414121	987.359190452795	1319.28859525312	1580.234412184	1870.16415974253	2160.09390730106	2421.03972423193	2752.96912903226	3010.15765807093
12.5	734.427898367886	988.897334959883	1317.31745907496	1575.50446011906	1862.36896293437	2149.23346574967	2407.42046679377	2735.84059090885	2990.31002750085
12.75	738.625503750425	990.275771215315	1315.05745494625	1570.38410139488	1854.07054258977	2137.75698378467	2393.0836302333	2717.86531396423	2969.51558142912
13	742.735003616806	991.476444562445	1312.50397542035	1564.8793000693	1845.28660847562	2125.69391688194	2378.0692415309	2699.0967723888	2947.83821333444
13.25	746.737487612722	992.491186175805	1309.6627147678	1559.0066488656	1836.04586228734	2113.08507570909	2362.42900980688	2679.60053839888	2925.35423696196
13.5	750.608020389575	993.305871914747	1306.53350187236	1552.77694581725	1826.37128958019	2099.96563334313	2346.20907728802	2659.43670724563	2902.1345587708
13.75	754.312323049666	993.897201839185	1303.10720631728	1546.19219985762	1816.27727591419	2086.36235197075	2329.44734551109	2638.65734998919	2878.24222877871
14	757.818170430521	994.243146447197	1299.37495719505	1539.25388468896	1805.77678860408	2072.29969251921	2312.17862001312	2617.31043076097	2853.73540677765
14.25	761.100120180442	994.326264838292	1295.32964033687	1531.96300448753	1794.8798518969	2057.79669930626	2294.43006345693	2595.4334389555	2828.65958361336
14.5	764.135388212461	994.131267305288	1290.96563833717	1524.32154571354	1783.59690069976	2042.87225568598	2276.22816306234	2573.06253409423	2803.05841318705
14.75	766.904686390313	993.648909321779	1286.2866690262	1516.343416535	1771.95316538577	2027.56291423655	2257.61966174534	2550.25742144976	2777.00164438123
15	769.392416028606	992.875134048223	1281.30357155546	1508.05116656501	1759.98420674107	2011.91724691713	2238.66484192667	2527.09327943392	2750.57599745353
15.25	771.587234352921	991.811145703164	1276.03374338478	1499.47492355639	1747.73429679822	1995.99367004005	2219.43485021166	2503.65744789327	2723.88135924352
15.5	773.483945151152	990.466304969409	1270.50533243247	1490.65760498522	1735.26276308425	1979.86792118328	2200.02019373604	2480.05922119909	2697.04158101735
15.75	775.082547455592	988.85403578703	1264.74908892318	1481.6435821095	1722.6291108141	1963.61463951871	2180.50913270502	2456.40418584118	2670.17567417261
16	776.392494508197	986.993554823367	1258.79683027279	1472.47457840513	1709.8860698156	1947.29756122606	2160.9753093584	2432.77858480782	2643.37964512299
16.25	777.427189597913	984.906363101103	1252.68050849863	1463.19076192362	1697.0829367507	1930.97511157778	2141.48536500277	2409.2595104003	2616.73868390349
16.5	778.194503360373	982.604626964953	1246.41783401909	1453.81420154883	1684.2466230748	1914.67904460077	2122.07541213051	2385.88861918465	2590.29874278923
16.75	778.696983898044	980.09219724039	1240.01433896354	1444.35175116471	1671.38545123717	1898.41915130963	2102.75656351079	2362.67870523395	2564.07391857629
17	778.94140936156	977.375417256064	1233.47580547618	1434.80875174111	1658.50427203093	1882.19979232076	2083.53273858569	2339.63312680581	2538.06713470031
17.25	778.942811443113	974.465618563257	1226.80878967926	1425.18800520373	1645.60171619686	1866.01542718999	2064.39464271446	2316.73781383046	2512.2606209506
17.5	778.716839189832	971.374689751586	1220.02032688829	1415.49273147374	1632.676764476	1849.86079747826	2045.3332020637	2293.97883920041	2486.63668976216
17.75	778.280630858121	968.11726784124	1213.12182600964	1405.73180168053	1619.73546834328	1833.73913500604	2026.34911067692	2271.35366884533	2461.19030582845
18	777.743145981832	964.780212290964	1206.17162398279	1395.9411298267	1606.7888282905	1817.6365267543	2007.40603259821	2248.79744429003	2435.83451059917
