age	C0.4	C2	C10	C25	C50	C75	C90	C98	C99.6
6	1210.3573139729	1319.6136808316	1463.63721988765	1579.13311961812	1709.69353646512	1842.50947865715	1963.90039250404	2120.74933659224	2244.08936064154
6.25	1201.76715173356	1311.32160537714	1456.14701463468	1572.59863408945	1704.5516320982	1839.10308682289	1962.34485479095	2121.93736779996	2247.69839098704
6.5	1193.30046197555	1303.11294515023	1448.69735935592	1566.0808091762	1699.41262210035	1835.70160278294	1960.81130010321	2123.1922519498	2251.42835547828
6.75	1184.89910522639	1294.94403096024	1441.2638701551	1559.5710839225	1694.28643224872	1832.33463614906	1959.34829435209	2124.58868327172	2255.37598120155
7	1176.53614237198	1286.79453077384	1433.83507869795	1553.06543472338	1689.17806229282	1829.01728486293	1957.98119713002	2126.16705492882	2259.59511528141
7.25	1168.22469341417	1278.67450154558	1426.4166076357	1546.56586995678	1684.08568126986	1825.74440111006	1956.70262469157	2127.91861380171	2264.07741743598
7.5	1159.96605084495	1270.58506589309	1419.00908928202	1540.07266730597	1679.00951723193	1822.5168773233	1955.51500097684	2129.84949905907	2268.83364105086
7.75	1151.76148861823	1262.52736096447	1411.61319339042	1533.58614755938	1673.94984910304	1819.33569115147	1954.42091837261	2131.96624997319	2273.87526375896
8	1143.61230184539	1254.50255890348	1404.22962093287	1527.10664529784	1668.90694966913	1816.20182002731	1953.42302858943	2134.27567511132	2279.21435243479
8.25	1135.5197135807	1246.5117897731	1396.85905016048	1520.63447418527	1663.88107330444	1813.11625384201	1952.52408258122	2136.78493988833	2284.86370449749
8.5	1127.48490234504	1238.55616092169	1389.50214487234	1514.16992531489	1658.87244208501	1810.07996907082	1951.72689701178	2139.50153479806	2290.83683420715
8.75	1119.50900905606	1230.63676870878	1382.15957332933	1507.71329174882	1653.8812765121	1807.09396716419	1951.03440396403	2142.43335358634	2297.14809262169
9	1111.59313626613	1222.75469803523	1374.83200882894	1501.26486960531	1648.90779677617	1804.1592772074	1950.44965932482	2145.58872399711	2303.81273742775
9.25	1103.73833777469	1214.91101045144	1367.5201164277	1494.82494326359	1643.95220571454	1801.27693774351	1949.97582826013	2148.97641430003	2310.84697999463
9.5	1095.94556789982	1207.10668822595	1360.2244905967	1488.39371731442	1639.01461356397	1798.447915191	1949.6161027084	2152.60556732872	2318.26795910615
9.75	1088.21571471274	1199.34267089193	1352.94569704878	1481.97136240878	1634.0950879193	1795.67315937836	1949.3737675792	2156.4858004858	2326.09389788802
10	1080.54954702569	1191.61979690679	1345.68420789704	1475.55794464741	1629.19357574702	1792.95351907466	1949.25211598155	2160.62714216693	2334.34409062142
10.25	1072.94771394168	1183.938802894	1338.44040128145	1469.15342515366	1624.30990218602	1790.28974125345	1949.25445514845	2165.0400704084	2343.0390053367
10.5	1065.4108002131	1176.30038410054	1331.21462976907	1462.75773482018	1619.44385206201	1787.68256115579	1949.38421137584	2169.73566422765	2352.20051518707
10.75	1057.93928857692	1168.70515292606	1324.00717464444	1456.3707248019	1614.595115218	1785.13264361337	1949.64487487904	2174.72558256591	2361.8519529837
11	1050.53359865876	1161.15368119737	1316.81829393682	1449.99221919475	1609.76334399383	1782.64064719992	1950.04007827694	2180.02219474082	2372.01833838561
11.25	1043.19398214824	1153.64638525944	1309.64809461671	1443.62187616282	1604.94800047657	1780.20705823877	1950.5734265146	2185.63844099898	2382.72632498729
11.5	1035.92059728754	1146.18360663639	1302.49662291164	1437.25928620739	1600.1484633567	1777.83230842598	1951.24863405172	2191.58803651535	2394.00452923651
11.75	1028.71362886485	1138.76574416141	1295.36401493776	1430.90413872172	1595.36421301807	1775.5169820007	1952.06976379666	2197.88579927553	2405.88401221278
12	1021.5732985756	1131.39326518164	1288.2505107241	1424.55623872881	1590.59485114396	1773.26184081562	1953.04126898976	2204.54776613772	2418.39854921119
12.25	1014.49979636991	1124.06662798507	1281.1563653486	1418.21540835842	1585.83998981007	1771.0677020398	1954.16787197437	2211.59112966636	2431.58471971359
12.5	1007.49327478813	1116.78627447642	1274.08184063269	1411.88147780166	1581.09924079378	1768.93542785921	1955.45456751433	2219.0343238082	2445.48218244438
12.75	1000.5538542624	1109.55263544718	1267.02721185166	1405.55429350061	1576.37222488424	1766.86593842387	1956.90665384446	2226.89715166721	2460.13402339987
13	993.681662723602	1102.36617197019	1259.99281293378	1399.23376671511	1571.65862361294	1764.86026930226	1958.52981135221	2235.2009739904	2475.58719724014
13.25	986.876816127763	1095.22735397892	1252.97901391216	1392.91985044667	1566.95815497172	1762.91954869372	1960.33009875152	2243.96882307116	2491.89292724096
13.5	980.139415041828	1088.13665598312	1245.98621699585	1386.61253628044	1562.2705705909	1761.04499791907	1962.31397596598	2253.22556022909	2509.10719392615
13.75	973.469554346635	1081.09456656978	1239.01486727873	1380.31186657457	1557.59566903388	1759.23794893173	1964.48834666594	2262.99807041178	2527.29131218612
14	966.867285709708	1074.10154690858	1232.06540718192	1374.0178859568	1552.93324312855	1757.49979039144	1966.86052618019	2273.31539406462	2546.51249980518
14.25	960.332594916131	1067.15800442308	1225.13824620694	1367.73060805437	1548.28304213275	1755.83192794816	1969.43822491907	2284.20889442337	2566.84455039304
14.5	953.865429817483	1060.26432289854	1218.23379570302	1361.45005502191	1543.64481654155	1754.23583866534	1972.22964028956	2295.71257593431	2588.36875784612
14.75	947.465779876117	1053.42095005834	1211.35256993167	1355.17637156104	1539.01844800629	1752.71322331377	1975.24366282352	2307.86356676039	2611.17512564323
15	941.133650682904	1046.62836808811	1204.49515234015	1348.90978828499	1534.40390867652	1751.26596567497	1978.48986974855	2320.70238994278	2635.36345822425
15.25	934.869053092201	1039.88707984824	1197.66217889449	1342.65060326754	1529.80123997156	1749.89611275147	1981.97854438619	2334.27330196162	2661.04466903621
15.5	928.672034463053	1033.19764217259	1190.85437591861	1336.39922494385	1525.21060153304	1748.6059358148	1985.72079167	2348.6247912418	2688.34244421259
15.75	922.54261584011	1026.56059552027	1184.07248004886	1330.15608430365	1520.63217323007	1747.39782614463	1989.72847404555	2363.80992428469	2717.3949487469
16	916.480809537517	1019.97648235189	1177.31725915967	1323.9216591668	1516.06618339336	1746.27433374101	1994.01431296588	2379.88694854169	2748.3570834068
16.25	910.486594546161	1013.44581864276	1170.58947926669	1317.69643783759	1511.51286786373	1745.23812709237	1998.59190697031	2396.91987309144	2781.40303829418
16.5	904.55985262614	1006.96902289879	1163.88982416571	1311.48083121757	1506.97237208806	1744.29189017394	2003.47568768054	2414.97907004391	2816.72927389558
16.75	898.70038137189	1000.54642905718	1157.21890897743	1305.27518778461	1502.44476732753	1743.43834682071	2008.68102432583	2434.14215379794	2854.55831658053
17	892.907950817053	994.178346890446	1150.57734704797	1299.0798673111	1497.93013256568	1742.68035949702	2014.2244205216	2454.49509790412	2895.1434584742
17.25	887.182313777868	987.865072211119	1143.96576087728	1292.89525354085	1493.42856914454	1742.02095442405	2020.12364105217	2476.13343166066	2938.77435985791
17.5	881.523193340485	981.606871961578	1137.38476439222	1286.72173489183	1488.94017904333	1741.46330561632	2026.39780368468	2499.16358515967	2985.78385346536
17.75	875.930253658397	975.403956409622	1130.8349398544	1280.55968888365	1484.46506198414	1741.01076153798	2033.06755886022	2523.70462129662	3036.55658830454
18	870.441225962216	969.290475721914	1124.34180118018	1274.42290493627	1479.99675503409	1740.62849168782	2040.07205739664	2549.71205876835	3091.23714109459
