age	C0.4	C2	C10	C25	C50	C75	C90	C98	C99.6
6	740.197190934157	987.762589883672	1307.27231230256	1558.45441406334	1837.53596521163	2116.61751635992	2367.79961812071	2687.30934053959	2934.87473948911
6.25	745.103874433637	991.801595663293	1310.19148684325	1560.49323491063	1838.59664919091	2116.7000634712	2367.00181153858	2685.39170271853	2932.08942394819
6.5	750.008518964255	995.839123571012	1313.1099076679	1562.53187133594	1839.65778127526	2116.78369121459	2366.20565488263	2683.47643897952	2929.30704358627
6.75	754.904132351164	999.870105611086	1316.02499014045	1564.56969099282	1840.72089825369	2116.87210551457	2365.41680636694	2681.5716908963	2926.53766415622
7	759.78722950148	1003.89200309933	1318.93541701872	1566.60633687393	1841.78671000952	2116.96708314511	2364.63800300032	2679.68141691972	2923.78619051756
7.25	764.658477529691	1007.90506792236	1321.84090429323	1568.64110367584	1842.85404315113	2117.06698262642	2363.86718200904	2677.8030183799	2921.04960877257
7.5	769.516819556962	1011.90822844357	1324.74036128082	1570.67288574202	1843.92177538547	2117.17066502892	2363.10318949012	2675.93532232737	2918.32673121398
7.75	774.361737624295	1015.90095268465	1327.6332379098	1572.70111877664	1844.9893266127	2117.27753444877	2362.34541531561	2674.07770054076	2915.61691560112
8	779.192607695658	1019.88260144302	1330.51887540353	1574.72512861496	1846.05600557077	2117.38688252658	2361.59313573801	2672.22940969852	2912.91940344588
8.25	784.008171422698	1023.8519033938	1333.3959856895	1576.74361401836	1847.12049639255	2117.49737876673	2360.84500709559	2670.38908939129	2910.23282136239
8.5	788.806263832201	1027.8066819498	1336.26237719145	1578.75437162694	1848.18058262564	2117.60679362434	2360.09878805983	2668.55448330148	2907.55490141908
8.75	793.575060300085	1031.73510074634	1339.10619839222	1580.74553801141	1849.22438760555	2117.70323719969	2359.34257681888	2666.71367446476	2904.87371491102
9	798.281403872316	1035.60399066183	1341.89426446665	1582.68391600133	1850.21870044528	2117.75348488924	2358.54313642392	2664.83341022874	2902.15599701825
9.25	802.890148179479	1039.3781935703	1344.59140211571	1584.53432036932	1851.12832266427	2117.72232495922	2357.66524321284	2662.87845175825	2899.36649714907
9.5	807.371473534288	1043.02788062204	1347.16777066457	1586.26690114431	1851.92339396257	2117.57988678084	2356.67901726058	2660.8189073031	2896.47531439086
9.75	811.698395750878	1046.52605963639	1349.59636761443	1587.85464771587	1852.5768947172	2117.29914171854	2355.55742181998	2658.62772979802	2893.45539368353
10	815.860803407631	1049.86261439682	1351.86707056041	1589.28743281418	1853.07869225301	2116.86995169185	2354.29031394562	2656.29477010921	2890.2965810984
10.25	819.865852678153	1053.04469950497	1353.98703207538	1590.57240741719	1853.43593577588	2116.29946413457	2352.88483947639	2653.8271720468	2887.00601887361
10.5	823.714062627532	1056.07283283418	1355.95676849458	1591.71008665096	1853.64913906839	2115.58819148582	2351.3415096422	2651.2254453026	2883.58421550924
10.75	827.386064181524	1058.92764487016	1357.75690973582	1592.68109998685	1853.69893110585	2114.71676222486	2349.64095247589	2648.47021734154	2880.01179803019
11	830.854869013186	1061.58214662747	1359.36046596377	1593.45845692138	1853.55832064243	2113.65818436349	2347.7561753211	2645.5344946574	2876.26177227168
11.25	834.059394519842	1063.97525270969	1360.70634817638	1593.98106561797	1853.16621269216	2112.35135976636	2345.62607720795	2642.35717267464	2872.27303086449
11.5	836.922303610877	1066.02962213675	1361.71721037385	1594.17157613052	1852.44525292437	2110.71892971821	2343.17329547488	2638.86088371198	2867.96820223785
11.75	839.365283950428	1067.66693646948	1362.31472624001	1593.95165595041	1851.31710195011	2108.68254794981	2340.31947766021	2634.96726743074	2863.26891994979
12	841.308958878274	1068.80781031096	1362.41949910231	1593.24189954075	1849.70234438359	2106.16278922644	2336.98518966488	2630.59687845623	2858.09572988892
12.25	842.680402729446	1069.3793087461	1361.95858210738	1591.9693506629	1847.52801355848	2103.08667645405	2333.09744500958	2625.67671837086	2852.37562438751
12.5	843.428113221682	1069.32991908485	1360.88044913282	1590.08247263466	1844.74256105982	2099.40264948498	2328.60467298682	2620.15520303478	2846.05700889796
12.75	843.508907686905	1068.61644817164	1359.14189348778	1587.53804812443	1841.30275773341	2095.06746734239	2323.46362197904	2613.98906729518	2839.09660777991
13	842.918845196053	1067.23494585442	1356.738953117	1584.33210571925	1837.2046217692	2090.07713781916	2317.67029042141	2607.17429768398	2831.49039834235
13.25	841.676672662809	1065.20415056049	1353.69035549516	1580.48336428343	1832.46686246474	2084.45036064605	2311.24336943431	2599.72957436898	2823.25705226666
13.5	839.808010684615	1062.54967505281	1350.02170327399	1576.01741851976	1827.11506569098	2078.2127128622	2304.20842810797	2591.68045632915	2814.42212069735
13.75	837.348187852899	1059.30684101609	1345.76830922435	1570.96957419149	1821.1845294252	2071.39948465891	2296.60074962605	2583.06221783431	2805.0208709975
14	834.329939269863	1055.50837627031	1340.96289176771	1565.37254233146	1814.70795649096	2064.04337065045	2288.45302121421	2573.90753671161	2795.08597371206
14.25	830.772397055616	1051.17340387783	1335.62456227646	1559.24542512203	1807.70443885978	2056.16345259753	2279.7843154431	2564.23547384173	2784.63648066395
14.5	826.691440869063	1046.31779394096	1329.76917851908	1552.60407063543	1800.1898138307	2047.77555702596	2270.61044914231	2554.06183372043	2773.68818679233
14.75	822.10532536246	1040.95979063122	1323.41497114057	1545.46669888282	1792.18228959988	2038.89788031694	2260.94960805919	2543.40478856854	2762.2592538373
15	817.033999766439	1035.11933206768	1316.58186391935	1537.85322236874	1783.70176614578	2029.55030992282	2250.82166837221	2532.28420022388	2750.36953252512
15.25	811.502058811104	1028.82100047737	1309.29442294588	1529.78819449791	1774.77278277833	2019.75737105874	2240.25114261077	2520.72456507929	2738.04350674555
15.5	805.542261756786	1022.09754016647	1301.58537322641	1521.30432510397	1765.4280324733	2009.55173984263	2229.27069172019	2508.75852478014	2725.31380318982
15.75	799.189734867942	1014.98406197187	1293.48980568692	1512.43668945994	1755.70257311215	1998.96845676436	2217.91534053738	2496.42108425242	2712.21541135636
16	792.487221425104	1007.52329225938	1285.0504248629	1503.22797493947	1745.63907300047	1988.05017106148	2206.22772113805	2483.75485374157	2698.79092457585
16.25	785.479632607194	999.760125042852	1276.31210261489	1493.72303598729	1735.28236723276	1976.84169847823	2194.25263185063	2470.80460942267	2685.08510185833
16.5	778.208612285946	991.736188990798	1267.31644798999	1483.96346622516	1724.6740322921	1965.38459835904	2182.03161659421	2457.61187559339	2671.13945229825
16.75	770.713106440269	983.490416505789	1258.10237586904	1473.98816675924	1713.85295397999	1953.71774120074	2169.60353209094	2444.21549145419	2656.99280151971
17	763.034362596215	975.064042897775	1248.71110579581	1463.83834473874	1702.86032567438	1941.88230661002	2157.00954555295	2430.65660845099	2642.68628875255
17.25	755.218728414351	966.503406291897	1239.18896358896	1453.56031630758	1691.74245276986	1929.92458923214	2144.29594195077	2416.98149924783	2628.26617712538
17.5	747.311242534372	957.853536138285	1229.58096683848	1443.19908973195	1680.54433317318	1917.88957661441	2131.50769950788	2403.23513020808	2613.77742381199
17.75	739.344859285194	949.147378329842	1219.92005054971	1432.78759145792	1669.29888382046	1905.81017618301	2118.67771709122	2389.45038931108	2599.25290835573
18	731.358156419087	940.422230452836	1210.24186011726	1422.36016801206	1658.03900810157	1893.71784819108	2105.83615608588	2375.6557857503	2584.71985978405
