age	C0.4	C2	C10	C25	C50	C75	C90	C98	C99.6
6	913.461141027856	1012.68993252732	1161.30372280743	1297.45460403488	1472.69853932494	1678.18497606018	1894.27078937625	2221.33188257602	2523.86113166194
6.25	929.726690484452	1031.68417215155	1184.38489417224	1324.25867745972	1504.23882147872	1715.17081286823	1936.83175954237	2271.9971606822	2581.63699731615
6.5	945.937335881449	1050.66484108469	1207.51333406471	1351.16323923533	1535.9430568876	1752.3864437693	1979.68090189856	2323.0173655271	2639.8071371102
6.75	962.427915491504	1070.00686242524	1231.12428574501	1378.65898870899	1568.37348762517	1790.47813790404	2023.55294726922	2375.26128247938	2699.36454024834
7	979.334082481568	1089.86423933545	1255.39935445586	1406.95283368644	1601.7694992662	1829.72314254018	2068.76465068263	2429.10486237931	2760.73933623304
7.25	996.450022780888	1110.01004044222	1280.0798340284	1435.75674176006	1635.80496309238	1869.75014656048	2114.89662658238	2484.05500865966	2823.36943211568
7.5	1013.56947328909	1130.2163611139	1304.90533446582	1464.78043473152	1670.15091942614	1910.18453378727	2161.52594445024	2539.61523482452	2886.69004702689
7.75	1030.26557711018	1150.00819689976	1329.3286706232	1493.41053405888	1704.10873529425	1950.22770602904	2207.74900129295	2594.72349453997	2949.49336665573
8	1046.05097613938	1168.84100960374	1352.71960149802	1520.93828228925	1736.8686985777	1988.95188151867	2252.51439134239	2648.14266071447	3010.37227960852
8.25	1060.45293758834	1186.18432284807	1374.46111359349	1546.66744911086	1767.63287523307	2025.4404613114	2294.78164817685	2698.64698782953	3067.93236079349
8.5	1073.04840518156	1201.56095690409	1393.99492389765	1569.96557228522	1795.67371999352	2058.85524734385	2333.59746199024	2745.11182600546	3120.89391693554
8.75	1083.45331948901	1214.53525761811	1410.80807738022	1590.24906385618	1820.31726667257	2088.41738843042	2368.07426358564	2786.48861502213	3168.06363164968
9	1091.39060352851	1224.78953555818	1424.5220459876	1607.08388203782	1841.05863120533	2113.54014929479	2397.54097618825	2821.98247263274	3208.53653950166
9.25	1096.59816097613	1232.02128665177	1434.77381306932	1620.05185798538	1857.40940109543	2133.65419901702	2421.34520126659	2850.81970211448	3241.43177361977
9.5	1098.77261008271	1235.87992669561	1441.14213214881	1628.66738816415	1868.80208329127	2148.09782403276	2438.72862306402	2872.10111445134	3265.72582029291
9.75	1097.60986302696	1236.01214181346	1443.20002633973	1632.43647991843	1874.65756138139	2156.19421601119	2448.91458327846	2884.90504995797	3280.36967749553
10	1092.84424729519	1232.10590038408	1440.56612583715	1630.91478719018	1874.45171684982	2157.32808843137	2451.19510581015	2888.38992658464	3284.40549526448
10.25	1084.25775410756	1223.90105947218	1432.91730977843	1623.72211120408	1867.73230403161	2150.96529733036	2444.95334875217	2881.82084898337	3276.99687949428
10.5	1071.74873525891	1211.26724686558	1420.08033774032	1610.64657821013	1854.23915675354	2136.79162054401	2429.8216134781	2864.75608438318	3257.64099058579
10.75	1055.45102874875	1194.33940388853	1402.19195770975	1591.82713926207	1834.11524988374	2114.95683906634	2405.95952385405	2837.37554635811	3226.54213375658
11	1035.63304121232	1173.40508083415	1379.56854630536	1567.60705116316	1807.73942412767	2085.88320970225	2373.83711922194	2800.22575324138	3184.32177351547
11.25	1013.08889909253	1149.34919396544	1353.23106296141	1539.13191885836	1776.41764287191	2051.06448139907	2335.14516317572	2755.29439815304	3133.24050954415
11.5	988.81885041539	1123.29494184011	1324.4868361814	1507.87742850234	1741.8414496652	2012.44369135451	2292.08890567177	2705.17863568793	3076.25225109837
11.75	963.840590223442	1096.39095730772	1294.68051949377	1475.36723904167	1705.76353994878	1972.03956484885	2246.96339428632	2652.58440514615	3016.43476075495
12	939.183386338457	1069.80503056175	1265.18719486961	1443.1654885494	1669.98944949457	1931.93717372404	2202.14297573783	2600.31406798426	2956.97548550596
12.25	915.641746752509	1044.44352172419	1237.08053565737	1412.49825539329	1635.93947149043	1893.78105823648	2159.50342881177	2550.58391261241	2900.39535065386
12.5	893.477606764911	1020.60959535837	1210.72532583252	1383.78630374804	1604.10540793105	1858.14453594706	2119.70148362043	2504.17218796465	2847.5798953046
12.75	872.794782586864	998.427433410848	1186.27613299164	1357.21167131365	1574.70388989351	1825.28348975756	2083.03262956233	2461.43095830142	2798.92991566718
13	853.289627234461	977.555345736388	1163.33430584639	1332.32367227893	1547.21762905618	1794.60323852489	2048.82175234217	2421.56536193437	2753.54194124851
13.25	834.462381114241	957.424799129072	1141.22843796075	1308.35718497787	1520.76206413613	1765.08128186212	2015.90405021507	2383.20082708252	2709.85333433463
13.5	815.935313881563	937.604172612154	1119.44633367915	1284.72670238701	1494.65843140125	1735.93144948172	1983.38290793731	2345.27860599901	2666.66065788507
13.75	797.481642287999	917.832958508065	1097.67709326461	1261.07554904731	1468.49196976433	1706.67231609985	1950.70863032482	2307.14929483315	2623.22600547249
14	778.905495208114	897.884636964811	1075.64843350417	1237.08994515849	1441.89638476382	1676.87754341667	1917.3936592171	2268.23642526342	2578.89448083242
14.25	760.03498140565	877.558870000433	1053.11757604715	1212.48870542308	1414.54202883503	1646.16229932947	1882.99716382571	2228.01832986055	2533.07358594546
14.5	740.725044852502	856.6849521838	1029.87558827842	1187.02838616272	1386.1420641343	1614.19057123787	1847.13351004931	2186.03824997409	2485.24472566898
14.75	720.9278212609	835.203505066345	1005.84600795905	1160.61726178605	1356.58586746737	1580.83078387177	1809.65051826916	2142.11543287221	2435.2031935603
15	700.659949385801	813.129444308497	981.041306979417	1133.26585292674	1325.88197249703	1546.08994735453	1770.55450086637	2096.25667307031	2382.95755653614
15.25	680.002866921771	790.552953247381	955.564862987469	1105.08977329596	1294.16196898554	1510.11867190574	1730.01630965672	2048.66366399063	2328.73796307044
15.5	659.135982723852	767.678794726782	929.659417224992	1076.36643753197	1261.74757436634	1473.2899700596	1688.46195809752	1999.84051996755	2273.1182980609
15.75	638.25643194293	744.733761510029	903.596137892401	1047.40742279819	1229.00180445213	1436.02611333404	1646.37459395822	1950.35946358904	2216.74976167828
16	617.651313244189	722.051401978699	877.777964172696	1018.67864045006	1196.47034801836	1398.96411095195	1604.48439376275	1901.08587420911	2160.61660536127
16.25	597.599346796518	699.957940854084	852.602023459812	990.641433946193	1164.69567227745	1362.7389368886	1563.52029826232	1852.8843108601	2105.7019100371
16.5	578.223079833819	678.598882797159	828.24805669578	963.506485411487	1133.92742064954	1327.64445204338	1523.82081499671	1806.15716611	2052.46329350396
16.75	559.53077237456	657.986578134888	804.734491546059	937.297656586286	1104.19618135291	1293.71867519884	1485.43119072231	1760.95942859903	2000.96346571306
17	541.495825466193	638.092510123001	782.029925500932	911.980869763538	1075.46437378393	1260.91981278423	1448.30505314265	1717.23745474839	1951.14165026881
17.25	524.033286319897	618.819129069741	760.018013528723	887.422749932452	1047.57707857222	1229.06829473621	1412.23763791006	1674.74968976863	1902.72355705376
17.5	507.066917020874	600.078472347231	738.593314454745	863.50204844317	1020.39309982819	1198.00017616991	1377.04183033762	1633.27532035511	1855.45850780209
17.75	490.57286321361	581.844024204226	717.725345237184	840.184685832101	993.873795378611	1167.67155240111	1342.66826382646	1592.75676785651	1809.28129851079
18	474.391675934924	563.926386001635	697.179838635902	817.195729255847	967.692943432394	1137.69789716083	1308.67338276489	1552.66551312102	1763.58920270648
