age	C0.4	C2	C10	C25	C50	C75	C90	C98	C99.6
6	947.219509881236	1135.31640173181	1378.07563205255	1568.92044651442	1780.96289092134	1993.00533532826	2183.85014979012	2426.60938011086	2614.70627196143
6.25	933.976244420615	1122.68502095608	1366.23395414585	1557.69959236515	1770.43181703906	1983.16404171296	2174.62967993226	2418.17861312203	2606.8873896575
6.5	920.731357025955	1110.05238416316	1354.39149247693	1546.47832571622	1759.90074315677	1973.32316059732	2165.40999383661	2409.74910215038	2599.07012928759
6.75	907.479285551902	1097.41418405694	1342.54555926734	1535.25523197062	1749.36966927447	1963.48410657832	2156.1937792816	2401.325154492	2591.26005299704
7	894.21726504487	1084.7682794719	1330.69481841699	1524.02960792928	1738.8385953921	1953.64758285492	2146.98237236721	2392.90891131231	2583.45992573933
7.25	880.946435995831	1072.1155535982	1318.83982104177	1512.80174364837	1728.30752150951	1943.81329937065	2137.77522197725	2384.49948942082	2575.66860702319
7.5	867.666794838163	1059.45600367384	1306.98056541811	1501.57163822068	1717.77644762653	1933.98125703238	2128.57232983496	2376.09689157923	2567.8861004149
7.75	854.378346228072	1046.78963330452	1295.11705379592	1490.33929283029	1707.24537374302	1924.15145465574	2119.37369369011	2367.70111418151	2560.11240125796
8	841.081102054856	1034.1164516972	1283.2492919203	1479.10471050074	1696.71429985868	1914.32388921662	2110.17930779706	2359.31214802016	2552.3474976625
8.25	827.775070369901	1021.43646508669	1271.37728368158	1467.86789327928	1686.18322597294	1904.4985586666	2100.9891682643	2350.9299868592	2544.59138157598
8.5	814.460257696517	1008.74967852438	1259.5010322315	1456.62884282421	1675.65215208481	1894.6754613454	2091.80327193811	2342.55462564524	2536.8440464731
8.75	801.136665319624	996.056093005008	1247.62053819028	1445.38755946133	1665.12107819295	1884.85459692457	2082.62161819562	2334.18606338089	2529.10549106627
9	787.804282654815	983.355700331606	1235.73579644218	1434.14404049722	1654.59000429531	1875.03596809341	2073.44421214845	2325.82430825902	2521.37572593581
9.25	774.463097453406	970.648491018377	1223.84680106721	1422.89828281514	1644.05893038978	1865.21957796442	2064.27105971235	2317.46936976118	2513.65476332615
9.5	761.113096548751	957.934454868691	1211.95354570188	1411.65028306499	1633.52785647437	1855.40542988374	2055.10216724686	2309.12125808005	2505.94261639999
9.75	747.754265921605	945.213581025696	1200.05602357073	1400.40003767993	1622.9967825472	1845.59352741447	2045.93754152367	2300.7799840687	2498.23929917279
10	734.386578680136	932.485848664244	1188.15422167833	1389.14753981983	1612.46570860715	1835.78387739447	2036.77719553596	2292.44556855005	2490.54483853416
10.25	721.009994539104	919.751226587583	1176.24812055759	1377.89277923885	1601.93463465388	1825.97649006891	2027.62114875017	2284.11804272018	2482.85927476866
10.5	707.624469688441	907.009680869364	1164.33769903816	1366.63574479478	1591.40356068713	1816.17137657948	2018.46942233609	2275.79744050489	2475.18265168581
10.75	694.229952838383	894.261171791028	1152.42293233538	1355.37642344317	1580.87248670673	1806.36854997028	2009.32204107808	2267.48380162242	2467.51502057507
11	680.826390620396	881.505658024219	1140.50379466001	1344.11480161089	1570.34141271248	1796.56802381407	2000.17903076495	2259.17716740074	2459.85643480456
11.25	667.413725389884	868.743094929107	1128.58025815628	1332.85086463691	1559.81033870369	1786.76981277046	1991.04041925109	2250.87758247827	2452.20695201749
11.5	653.991897304933	855.973436164228	1116.65229390651	1321.58459730123	1549.27926467947	1776.97393205771	1981.90623545242	2242.58509319471	2444.566632054
11.75	640.560850135094	843.196638184899	1104.71987473836	1310.31598530259	1538.74819063928	1767.18039597598	1972.77650654021	2234.29974309367	2436.93553114347
12	627.120532229503	830.412660992944	1092.78297569268	1299.04501550479	1528.21711658306	1757.38921766132	1963.65125747343	2226.02157217317	2429.31370093661
12.25	613.67089279769	817.621465256551	1080.84157222631	1287.77167499071	1517.68604251106	1747.60041003141	1954.53051279581	2217.75061976557	2421.70119222443
12.5	600.211883706988	804.823013702352	1068.89564108097	1276.49595152001	1507.15496842469	1737.81398532938	1945.41429576842	2209.48692314703	2414.0980531424
12.75	586.743456223948	792.017268591819	1056.94515870824	1265.21783269983	1496.62389432572	1728.0299559516	1936.3026299432	2201.23052005962	2406.50433242749
13	573.26555232744	779.204184994372	1044.99009707231	1253.93730377615	1486.09282021715	1718.24833665814	1927.19554336198	2192.98145543992	2398.92008810685
13.25	559.778108291115	766.383713561507	1033.03042538084	1242.65434854451	1475.56174610272	1708.46914366093	1918.0930668246	2184.73977864393	2391.34538391432
13.5	546.281055198475	753.555800925547	1021.06611033356	1231.36894948062	1465.03067198642	1698.69239449222	1908.99523363928	2176.50554304729	2383.78028877436
13.75	532.774316757731	740.720388007475	1009.09711506638	1220.08108718464	1454.49959787242	1688.91810856019	1899.90208067845	2168.27880773736	2376.2248789871
14	519.257815269528	727.877414638246	997.123402035017	1208.79074189867	1443.96852376482	1679.14630563098	1890.81364549463	2160.0596328914	2368.67923226012
14.25	505.731471616616	715.026819550677	985.144933009708	1197.49789350381	1433.43744966719	1669.37700583057	1881.72996632467	2151.8480797837	2361.14342771776
14.5	492.19520693096	702.168541670533	973.161669881029	1186.20252194438	1422.90637558286	1659.61022922135	1872.6510812847	2143.64420949519	2353.61754423477
14.75	478.648956357253	689.302530774811	961.173581310534	1174.904610728	1412.37530151453	1649.84599230105	1863.57702171852	2135.44807225424	2346.1016466718
15	465.092664878798	676.428744259369	949.180640713815	1163.60414586415	1401.84422746439	1640.08430906463	1854.50781421497	2127.25971066941	2338.59579004998
15.25	451.526290135311	663.547149320992	937.18282762208	1152.30111658074	1391.31315343408	1630.32519028741	1845.44347924607	2119.07915754716	2331.10001673284
15.5	437.949812345989	650.657730641661	925.180132477017	1140.99551784743	1380.78207942417	1620.56864100092	1836.38402637133	2110.90642820669	2323.61434650236
15.75	424.363215290503	637.760475660485	913.172547440627	1129.68734553912	1370.25100543488	1610.81466533064	1827.32946342913	2102.74153520927	2316.13879557925
16	410.766488600978	624.855376348355	901.160067502231	1118.37659701806	1359.71993146495	1601.06326591184	1818.27979542767	2094.58448658154	2308.67337432892
16.25	397.159624249082	611.942426487781	889.142688781427	1107.06327024116	1349.18885751265	1591.31444478414	1809.23502624387	2086.43528853751	2301.21809077621
16.5	383.542620546185	599.021624770501	877.120410460857	1095.74736477697	1338.65778357533	1581.5682023737	1800.19515668981	2078.29394238016	2293.77294660448
16.75	369.915481199007	586.092974066225	865.09323432998	1084.42888156572	1328.12670964966	1571.8245377336	1791.16018496934	2070.16044523309	2286.33793810031
17	356.278210277884	573.156477526265	853.061162354009	1073.10782164017	1317.59563573237	1562.08344982458	1782.13010911074	2062.03479393848	2278.91306118686
17.25	342.630811879913	560.212138322727	841.024196511249	1061.78418604012	1307.06456182053	1552.34493760093	1773.1049271298	2053.91698531832	2271.49831176114
17.5	328.973287129545	547.259957325772	828.982337343675	1050.45797504955	1296.53348791143	1542.60900077331	1764.08463847918	2045.80701849708	2264.09368869331
17.75	315.305613709404	534.299917252635	816.935574066224	1039.12918299154	1286.00241400371	1532.87564501588	1755.0692539412	2037.70491075479	2256.69921429802
18	301.632748315957	521.335856542772	804.886301887643	1027.79907048114	1275.47134009642	1523.14360971171	1746.0563783052	2029.60682365007	2249.30993187689
