age	C0.4	C2	C10	C25	C50	C75	C90	C98	C99.6
6	674.801841645769	806.234054232911	975.861433256023	1109.21374960069	1257.3778545819	1405.54195956311	1538.89427590778	1708.52165493089	1839.95386751803
6.25	658.214697325594	791.66616827756	963.899616979127	1099.30069119637	1249.74111491604	1400.18153863571	1535.58261285295	1707.81606155452	1841.26753250649
6.5	641.605429087283	777.081149676342	951.927109829019	1089.382006109	1242.10437525008	1394.82674439116	1532.28164067114	1707.12760082382	1842.60332141288
6.75	624.898171098175	762.420248327384	939.907251391707	1079.43839970047	1234.46763558367	1389.49687146686	1529.02801977562	1706.51502283995	1844.03710006916
7	608.06286749326	747.660189126771	927.825517863353	1069.46222798871	1226.83089591622	1384.19956384372	1525.83627396909	1706.00160270567	1845.59892433918
7.25	591.136596890287	732.82968556084	915.699826630249	1059.46292102174	1219.19415624672	1378.92539147169	1522.68848586319	1705.5586269326	1847.25171560315
7.5	574.144251226129	717.948013814332	903.542206146183	1049.44680946024	1211.55741657404	1373.66802368783	1519.57262700189	1705.16681933374	1848.97058192194
7.75	557.125739244061	703.046079007828	891.371941390147	1039.42404312584	1203.92067689679	1368.41731066774	1516.46941240343	1704.79527478575	1850.71561454952
8	540.129274056214	688.161217121466	879.21233023583	1029.40688385536	1196.28393721357	1363.16099057179	1513.35554419132	1704.40665730568	1852.43860037093
8.25	523.211869423816	673.337579311778	867.090923267659	1019.4098317177	1188.64719752306	1357.88456332843	1510.20347177847	1703.95681573435	1854.08252562231
8.5	506.441060177251	658.627464195942	855.040355134129	1009.45006256108	1181.01045782406	1352.57085308704	1506.98056051399	1703.39345145218	1855.57985547087
8.75	489.876659952115	644.077191138632	843.089529394737	999.542788535195	1173.37371811594	1347.20464769669	1503.65790683715	1702.67024509326	1856.87077627977
9	473.556516000372	629.716068852854	831.256734861387	989.697635172784	1165.73697839934	1341.7763216259	1500.2172219373	1701.75788794583	1857.91744079832
9.25	457.516229641015	615.571666812975	819.559175050776	979.923656808056	1158.10023867508	1336.27682054211	1496.64130229939	1700.62881053719	1858.68424770915
9.5	441.791894267913	601.671935553594	808.014291263507	970.230032922657	1150.46349894413	1330.69696496561	1492.91270662476	1699.25506233467	1859.13510362035
9.75	426.421161516775	588.046032303601	796.64027778464	960.626339299358	1142.8267592075	1325.02717911565	1489.01324063037	1697.60748611141	1859.23235689823
10	411.466790710178	574.742557552465	785.467461609626	951.128537252969	1135.19001946585	1319.25150167874	1484.91257732208	1695.63748137924	1858.91324822153
10.25	397.018256173259	561.830799747042	774.539079142533	941.759382412161	1127.55327971946	1313.34717702676	1480.56748029638	1693.27575969188	1858.08830326566
10.5	383.17455489606	549.387421635823	763.902968395646	932.544052264936	1119.91653996867	1307.2890276724	1475.93011154169	1690.44565830151	1856.65852504127
10.75	370.053835856732	537.503917166198	753.616222137854	923.512595143937	1112.27980021399	1301.04700528405	1470.94337829013	1687.05568326179	1854.50576457125
11	357.775061318046	526.272410088926	743.736326139166	914.69526622118	1104.64306045611	1294.59085469104	1465.54979477306	1683.0137108233	1851.51105959418
11.25	346.431490269219	515.765119675149	734.308345656031	906.11578366411	1097.00632069677	1287.89685772942	1459.7042957375	1678.24752171838	1847.58115112431
11.5	336.101418181171	506.04267752626	725.370115170071	897.794060031928	1089.36958093819	1280.94510184446	1453.36904670632	1672.69648435013	1842.63774369522
11.75	326.826932612177	497.137676026743	716.941972524729	889.74079927853	1081.73284118358	1273.72488308863	1446.52370984243	1666.32800634041	1836.63874975498
12	318.605750587432	489.048347253875	709.022814527285	881.955420787718	1074.09610143717	1266.23678208662	1439.16938834706	1659.14385562047	1829.58645228691
12.25	311.409377438765	481.752625087496	701.598871788861	874.430677633796	1066.45936170341	1258.48804577303	1431.31985161796	1651.16609831933	1821.50934596806
12.5	305.142337846044	475.176573942912	694.624008065547	867.142287984022	1058.82262198702	1250.50295599002	1423.02123590849	1642.46867003113	1812.502906128
12.75	299.693768775947	469.234342071266	688.044651355936	860.062056513318	1051.18588229269	1242.30970807206	1414.32711322944	1633.13742251411	1802.67799580943
13	294.955722932475	463.842335655164	681.808638621015	853.162529443198	1043.54914262431	1233.93575580542	1405.2896466276	1623.25594959345	1792.14256231614
13.25	290.822150323784	458.918430139456	675.864723649985	846.416735528189	1035.91240298526	1225.40807044233	1395.96008232054	1612.90637583107	1781.00265564674
13.5	287.183419331602	454.377727376122	670.159929493212	839.796792622165	1028.27566337803	1216.75453413389	1386.39139726285	1602.17359937994	1769.36790742446
13.75	283.9253677783	450.131820775504	664.639089912065	833.273666339915	1020.63892380376	1208.0041812676	1376.63875769545	1591.14602683201	1757.35247982921
14	280.934156133787	446.092553604376	659.247194579614	826.818404353425	1013.00218426306	1199.1859641727	1366.75717394651	1579.91181492175	1745.07021239233
14.25	278.094096902311	442.170338074238	653.928340181255	820.401584348058	1005.36544475482	1190.32930516158	1356.80254932838	1568.5605514354	1732.63679260732
14.5	275.293600217395	438.278759579036	648.62860348697	813.994826141626	997.728705277433	1181.46258441324	1346.8288070679	1557.17865097583	1720.16381033747
14.75	272.45440564424	434.357213649142	643.310166945467	807.578226085419	990.091965828532	1172.60570557164	1336.8737647116	1545.82671800792	1707.72952601282
15	269.521436013942	430.363048813981	637.946415783715	801.137776632762	982.45522640522	1163.77267617768	1326.96403702673	1534.54740399646	1695.3890167965
15.25	266.458484395165	426.268226615645	632.519853835618	794.664269424874	974.818487004346	1154.97270458382	1317.11712017307	1523.36874739305	1683.17848961353
15.5	263.26018526416	422.068592019958	627.027888333727	788.156339868014	967.181747622329	1146.20715537664	1307.33560691093	1512.2949032247	1671.1033099805
15.75	259.927701382483	417.765045462556	621.471081153925	781.614283679809	959.545008255644	1137.47573283148	1297.61893535736	1501.32497104873	1659.1623151288
16	256.478796286979	413.371342932262	615.858016114117	775.042618583548	951.908268901264	1128.77391921898	1287.95852168841	1490.44519487027	1647.33774151555
16.25	252.936653327278	408.905437492451	610.199896031818	768.447240700819	944.271529556328	1120.09581841184	1278.34316308084	1479.63762162021	1635.60640578538
16.5	249.336001707986	404.394223255906	604.513502992752	761.836982562039	936.634790218162	1111.43259787428	1268.75607744357	1468.87535718042	1623.93357872834
16.75	245.720684993523	399.871652447749	598.820023386881	755.2229947145	928.998050884235	1102.77310705397	1259.17607838159	1458.12444932072	1612.27541677495
17	242.124267224039	395.363716883673	593.135676261391	748.613813357693	921.361311552471	1094.10880974725	1249.58694684355	1447.35890622127	1600.5983558809
17.25	238.559173582839	390.880038560024	587.46646579895	742.012598535346	913.724572221744	1085.43654590814	1239.98267864454	1436.56910588346	1588.88997086065
17.5	235.031069458689	386.425004723859	581.815129667536	735.420791101253	906.087832891141	1076.75487468103	1230.36053611475	1425.75066105842	1577.14459632359
17.75	231.522034355481	381.9847378372	576.17300820063	728.833833410923	898.451093560457	1068.06835370999	1220.72917892028	1414.91744928371	1565.38015276543
18	228.013634197892	377.544962649082	570.531193556533	722.247037203617	890.814354229743	1059.38167125587	1211.09751490295	1404.08374581041	1553.6150742616
