age	C0.4	C2	C10	C25	C50	C75	C90	C98	C99.6
6	66.0922203766549	93.0713866975978	127.890896931559	155.26420406173	185.677935615031	216.091667168332	243.464974298503	278.284484532464	305.263650853407
6.25	66.0114604017594	93.0070637848794	127.847787812028	155.237772134738	185.670033259733	216.102294384728	243.492278707438	278.333002734586	305.328606117706
6.5	65.9306924502861	92.9427346951462	127.804674838011	155.211338179114	185.662130904457	216.112923629801	243.519586970904	278.381527113768	305.393569358628
6.75	65.8498891682662	92.878378245646	127.761544791374	155.184895238094	185.654228549281	216.123561860468	243.546912307189	278.430078852917	305.458567930297
7	65.7690375257727	92.8139843460758	127.718391375713	155.158439997846	185.646326194222	216.134212390598	243.574261012731	278.478668042369	305.523614862672
7.25	65.6881446012109	92.7495584778875	127.675218011442	155.131974258499	185.638423839157	216.144873419814	243.601629666871	278.527289200426	305.588703077102
7.5	65.60721182164	92.6851017461573	127.632025388083	155.105498382888	185.630521483947	216.155544585006	243.629017579811	278.575941221736	305.653831146254
7.75	65.526240859769	92.6206154461758	127.588814313827	155.079012796272	185.622619128387	216.166225460503	243.656423942948	278.624622810599	305.718997397006
8	65.4452335690722	92.5561010132133	127.545585684208	155.052517969871	185.614716772254	216.176915574638	243.683847860301	278.673332531296	305.784199975437
8.25	65.3641919997158	92.4915600348565	127.502340489803	155.026014424926	185.606814415321	216.187614405717	243.71128834084	278.722068795786	305.849436830927
8.5	65.283118469792	92.4269943061728	127.459079850661	154.999502750819	185.598912057361	216.198321363904	243.738744264062	278.77082980855	305.914705644931
8.75	65.202014974392	92.362405372097	127.41580473074	154.972983454777	185.591009698138	216.2090359415	243.766214665536	278.81961402418	305.980004421885
9	65.1208827897154	92.2977942208528	127.372515746602	154.946456861176	185.583107337393	216.21975781361	243.793698928183	278.868420453933	306.04533188507
9.25	65.0397229886651	92.2331616832368	127.329213416578	154.919923242706	185.575204974886	216.230486707067	243.821196533195	278.917248266536	306.110686961108
9.5	64.9585359692082	92.1685080674112	127.285897932928	154.89338270051	185.567302610524	216.241222520539	243.848707288121	278.966097153638	306.176069251841
9.75	64.8773218566647	92.1038334704138	127.242569356189	154.866835266428	185.559400244265	216.251965222101	243.876231132341	279.014967018116	306.241478631865
10	64.7960807259313	92.0391379501868	127.19922772242	154.84028095932	185.551497875854	216.262714792388	243.903768029288	279.063857801521	306.306915025776
10.25	64.7148125975348	91.9744215225206	127.1558730413	154.813719784056	185.543595504823	216.273471225591	243.931317968347	279.112769487126	306.372378412112
10.5	64.6335167311198	91.909683614009	127.112504954887	154.787151552085	185.535693130824	216.284234709563	243.958881306761	279.16170264764	306.437869530529
10.75	64.5521903505561	91.8449220748288	127.069122121677	154.760575557357	185.527790753845	216.295005950333	243.986459386014	279.210659432862	306.503391157135
11	64.47083036966	91.7801345150707	127.025723050375	154.733991015026	185.519888373953	216.30578573288	244.014053697531	279.259642232835	306.568946378245
11.25	64.3894339816593	91.7153187612399	126.9823063848	154.707397211438	185.511985991391	216.316574771343	244.041665597982	279.308653221541	306.634538001122
11.5	64.3079985129571	91.6504727429912	126.938870833167	154.680793466874	185.504083606487	216.3273737461	244.069296379807	279.357694469983	306.700168700017
11.75	64.226521405766	91.5855944797042	126.895415159752	154.654179131208	185.49618121976	216.338183308311	244.096947279767	279.406767959815	306.765841033753
12	64.1450002438489	91.5206821004277	126.851938197354	154.627553590491	185.488278831962	216.349004073432	244.124619466569	279.455875563496	306.831557420074
12.25	64.0634323098353	91.4557335010317	126.808438633296	154.600916154245	185.480376443925	216.359836733604	244.152314254553	279.505019386818	306.897320578014
12.5	63.9818138775376	91.390745796213	126.764914667526	154.574265875589	185.472474056699	216.370682237809	244.180033445872	279.554202317185	306.96313423586
12.75	63.900141053804	91.3257159713769	126.721364419321	154.54760176519	185.464571671354	216.381541577519	244.207778923388	279.603427371332	307.029002288905
13	63.8184104147921	91.2606413753055	126.677786234618	154.520922952898	185.456669288723	216.392415624549	244.235552342828	279.652697202141	307.094928162655
13.25	63.7366188233374	91.1955195787513	126.634178597814	154.494228641367	185.448766909498	216.403305177629	244.263355221182	279.702014240245	307.160914995659
13.5	63.654764162238	91.1303489422807	126.590540486084	154.467518292523	185.440864534194	216.414210775865	244.291188582304	279.751380126107	307.22696490615
13.75	63.5728458158685	91.0651289892155	126.546871602079	154.440791749992	185.432962163073	216.425132576153	244.319052724067	279.80079533693	307.293078510277
14	63.4908637666125	90.9998597059491	126.503171937365	154.414049009409	185.425059796291	216.436070583173	244.346947655217	279.850259886633	307.35925582597
14.25	63.4088199295866	90.9345425754984	126.459442417289	154.38729055771	185.417157433675	216.44702430964	244.37487245006	279.899772291851	307.425494937763
14.5	63.326716742277	90.8691794853766	126.415684219565	154.360517014599	185.409255074943	216.457993135288	244.402825930321	279.94933066451	307.491793407609
14.75	63.2445570188005	90.8037726146961	126.371898703764	154.333729095366	185.401352719543	216.468976343719	244.430806735322	279.99893282439	307.558148420285
15	63.1623438343851	90.7383243447288	126.328087355533	154.306927581566	185.393450366728	216.479973151889	244.458813377923	280.048576388727	307.624556899071
15.25	63.0800800670617	90.6728369040433	126.28425156524	154.280113204615	185.385548015773	216.490982826931	244.486844466306	280.098259127503	307.691015964485
15.5	62.9977682301282	90.6073122387682	126.24039254702	154.253286603194	185.377645665987	216.502004728779	244.514898784953	280.147979093205	307.757523101845
15.75	62.9154109779447	90.541752404277	126.196511583191	154.226448451883	185.369743316709	216.513038181535	244.542975050226	280.19773422914	307.824075655473
16	62.8330118317789	90.4761601273036	126.152610375055	154.199599645842	185.361840967419	216.524082288995	244.571071559782	280.247521807534	307.890670103058
16.25	62.750574402511	90.4105382039905	126.108690667249	154.172741103068	185.353938617655	216.535136132243	244.599186568062	280.29733903132	307.9573028328
16.5	62.6680991801649	90.3448870137662	126.064752696464	154.145872948043	185.346036267226	216.546199586409	244.627319837988	280.347185520686	308.023973354287
16.75	62.5855840584871	90.2792049255645	126.020795444917	154.118994645111	185.338133916155	216.5572731872	244.655472387393	280.397062906746	308.090683773823
17	62.5030269997884	90.2134903614223	125.976817927969	154.092105676076	185.330231564499	216.568357452922	244.683645201029	280.446972767576	308.15743612921
17.25	62.4204262880409	90.1477419924782	125.932819316439	154.06520560458	185.322329212353	216.579452820126	244.711839108267	280.496916432227	308.224232136665
17.5	62.3377804135787	90.0819586496777	125.888798880867	154.038294046751	185.314426859818	216.590559672886	244.740054838769	280.546895069959	308.291073306058
17.75	62.2550888821043	90.0161399502677	125.844756382462	154.011370876969	185.30652450702	216.601678137071	244.768292631578	280.596909063773	308.357960131936
18	62.1723740038359	89.9503031712032	125.800702602211	153.98444176943	185.298622154134	216.612802538837	244.796541706056	280.646941137064	308.424870304431
