age	C0.4	C2	C10	C25	C50	C75	C90	C98	C99.6
6	642.646949727632	779.778833308427	975.822767044408	1144.95239548361	1348.2954641578	1567.81592120823	1779.17454349752	2066.83223918694	2304.15069954951
6.25	641.65942119935	776.63890587208	970.080508843221	1137.40124759269	1339.07458660672	1557.37074643443	1768.07750063862	2055.61418091966	2293.44777928149
6.5	640.582361442501	773.451399139013	964.327460714818	1129.85514045903	1329.86536375282	1546.93624956002	1756.98800455295	2044.40368210195	2282.76129383608
6.75	639.437438873481	770.240651362964	958.592865454955	1122.34807329031	1320.70776316311	1536.55892378565	1745.95885089409	2033.26222999971	2272.16016380538
7	638.236689907227	767.01928154553	952.891231106489	1114.89671464186	1311.62132478999	1526.26152466407	1735.01594233746	2022.2201738944	2261.67871678409
7.25	636.978356583947	763.78333811468	947.216449074442	1107.49358662919	1302.59716922362	1516.03374746143	1724.14762827204	2011.26416203105	2251.3024885829
7.5	635.664614314645	760.533693529345	941.568461764208	1100.13830785723	1293.63477112421	1505.87500508019	1713.35329508471	2000.39368805787	2241.03137062033
7.75	634.297546916011	757.271180650577	935.947197383248	1092.83048701706	1284.73359485935	1495.78469845675	1702.63231547303	1989.60823279944	2230.86525314886
8	632.879136406588	753.996577437269	930.352550243307	1085.56970006263	1275.89306795627	1485.76218587982	1691.9840136617	1978.90722380583	2220.80398045265
8.25	631.411297581328	750.710645470791	924.784427889389	1078.3555456411	1267.11264683755	1475.80686008253	1681.40775362686	1968.29013912157	2210.84746817791
8.5	629.895869674746	747.414117004614	919.242734140851	1071.18762536039	1258.39179389302	1465.91812188854	1670.9029094537	1957.75647329173	2200.99566629238
8.75	628.334621703296	744.10769759015	913.727370161263	1064.06554411409	1249.72997699885	1456.09537884708	1660.46886310661	1947.30573406293	2191.24855546951
9	626.729252346685	740.792063800031	908.238231418547	1056.98890706718	1241.12666673508	1446.33804280251	1650.10500241909	1936.93744118499	2181.60614724981
9.25	625.08139887096	737.467869978398	902.775213263203	1049.95732469474	1232.58134078809	1436.64553351955	1639.81072389154	1926.65112811065	2172.06848539474
9.5	623.392646048601	734.135755491351	897.338217636483	1042.97041949994	1224.09349071832	1427.01728543958	1629.58543937521	1916.44634863382	2162.63565309361
9.75	621.664525484177	730.796342179153	891.927149723102	1036.02782255051	1215.66261851161	1417.45274430319	1619.42857279994	1906.32267394707	2153.30777102927
10	619.898535223547	727.450254659881	886.541940945197	1029.12919931121	1207.28826596072	1407.95140041768	1609.33959723202	1896.27973508351	2144.08504507467
10.25	618.096142122802	724.098121007017	881.182548843862	1022.27424934888	1198.970014298	1398.51278826414	1599.31803449723	1886.31722277353	2134.967767176
10.5	616.258769914962	720.740557445985	875.848938491757	1015.46268539911	1190.70746056554	1389.13645998405	1589.36342590174	1876.43485456624	2125.95628033261
10.75	614.387811085857	717.378180000184	870.541095190725	1008.694247408	1182.50023338015	1379.82200303198	1579.4753517239	1866.63239702513	2117.05100393056
11	612.484617565608	714.011592393665	865.259009738424	1001.96868597552	1174.34797431416	1370.5690193752	1569.65340834632	1856.90964026422	2108.25240710099
11.25	610.550523804132	710.641410446219	860.002705945388	995.285793001286	1166.2503724628	1361.37716440418	1559.89725145979	1847.26644736451	2099.56106441566
11.5	608.586833666212	707.268245861691	854.772221156152	988.64537977893	1158.2071397147	1352.24611916052	1550.20656535445	1837.70271983808	2090.9776192134
11.75	606.594816197958	703.892700376865	849.567599266472	982.047269498051	1150.21800284493	1343.1755821544	1540.58105463504	1828.21838967057	2082.50277726084
12	604.575708672365	700.515367928083	844.38889266527	975.491299367965	1142.28270598877	1334.16527229506	1531.02044767422	1818.81342384335	2074.13731347432
12.25	602.530708161225	697.136823451436	839.236147830018	968.977303589041	1134.40099029807	1325.21490467071	1521.52446835322	1809.48779029269	2065.88203390282
12.5	600.46096951135	693.757619007502	834.109399530431	962.505106051269	1126.57258469938	1316.32417894952	1512.0928219166	1800.2414400615	2057.73775571449
12.75	598.367611492778	690.378290286552	829.008678853067	956.074530136856	1118.79721811869	1307.49279448672	1502.72521311625	1791.07433023097	2049.70533584336
13	596.251732384742	686.999373118258	823.934031916276	949.685419739145	1111.07464350722	1298.72047782663	1493.42137730435	1781.9864605668	2041.7857140949
13.25	594.114404646166	683.621396562675	818.885511429881	943.337629755332	1103.40462709114	1290.00697057336	1484.18106693112	1772.97785832953	2033.97989806963
13.5	591.956671671595	680.244878793954	813.863172122392	937.031021469493	1095.78694387976	1281.35202517921	1475.00404774986	1764.04857556291	2026.28896325047
13.75	589.779550820126	676.870329751306	808.867073568152	930.765465849314	1088.2213816895	1272.75540989548	1465.89010481643	1755.19869708605	2018.71406470518
14	587.584017346503	673.498232088088	803.897257324598	924.540817454168	1080.70771098996	1264.21687391532	1456.83900276628	1746.42829387993	2011.25638616405
14.25	585.370970776194	670.129003679269	798.953704479372	918.356867880011	1073.24563338041	1255.73609034005	1447.85042330672	1737.73735313555	2003.91706566166
14.5	583.141269510826	666.763034775844	794.036376938956	912.213390817364	1065.83483125624	1247.31271087795	1438.92402484253	1729.12584508357	1996.69727065108
14.75	580.895721979036	663.400677205973	789.145204167907	906.110126664329	1058.47494962501	1238.94634422838	1430.05941709505	1720.59369199853	1989.59816385103
15	578.635095405519	660.042253588702	784.280093585399	900.046794208025	1051.16560947666	1230.63657139465	1421.25617840929	1712.14078878222	1982.62092916888
15.25	576.360139854753	656.688083678555	779.440960921896	894.023124930583	1043.90644731756	1222.38299146503	1412.51390822696	1703.7670661556	1975.76684759464
15.5	574.071594691505	653.338491012035	774.627737673521	888.038871463275	1036.69712505401	1214.18523329793	1403.8322408118	1695.47250814788	1969.03732123108
15.75	571.770183620827	649.993796811465	769.840363760617	882.093799306336	1029.53732057748	1206.04294481077	1395.21083322227	1687.25713860085	1962.43386153306
16	569.456636549704	646.654344759528	765.078817455297	876.187722034717	1022.42677032553	1197.95584486963	1386.64942780102	1679.12110161611	1955.95819105113
16.25	567.131669177539	643.32047660878	760.343085119615	870.320465539054	1015.36522613399	1189.92367102555	1378.14778988348	1671.0645838609	1949.61215433651
16.5	564.795953368347	639.992498141814	755.633120741098	864.491821648483	1008.3524010429	1181.94611581696	1369.70563375391	1663.0877247531	1943.39761664931
16.75	562.450122220735	636.67068448225	750.948851956342	858.701554953363	1001.38797716716	1174.02283582256	1361.32263288894	1655.1906289296	1937.31648233575
17	560.094788637726	633.355300124205	746.290202532689	852.949427605529	994.471633406375	1166.15348260532	1352.99845410063	1647.37340539331	1931.37074243909
17.25	557.730545591464	630.046598443643	741.657090952556	847.235197068752	987.603041972021	1158.33769751566	1344.73275018465	1639.63615679155	1925.562464661
17.5	555.357968728287	626.744824801492	737.049434768013	841.558621959648	980.781876443922	1150.57512269022	1336.52517439038	1631.97900042327	1919.89382597048
17.75	552.977629507439	623.450230470829	732.467165940752	835.919478754038	974.007830180566	1142.86542131068	1328.37540244338	1624.40209319063	1914.36714508786
18	550.577071573446	620.148403190831	727.893012904112	830.297921874252	967.257737314916	1135.18142733201	1320.25190561585	1616.86739097655	1908.93974134541
