age	C0.4	C2	C10	C25	C50	C75	C90	C98	C99.6
6	389.191474372868	450.119164008912	549.102972602162	648.315236590109	788.734856651055	972.890453563614	1191.13080689079	1574.55575413337	1993.26651634296
6.25	397.28974944217	460.422799745226	562.874561954011	665.359246327505	809.985794963627	998.822388452848	1221.32319794357	1608.84895485642	2027.29009146481
6.5	405.590125162891	471.030973360197	577.10472955768	682.997677283905	831.991628690208	1025.67207754617	1252.57996254655	1644.4344758741	2062.96348334358
6.75	415.337865808751	483.396687356741	593.582371481134	703.353102749952	857.341288338702	1056.62940209753	1288.78801765255	1686.38462945866	2106.59139909824
7	427.079883426568	498.17239076381	613.128454310041	727.410601486217	887.243156475051	1093.1799077592	1331.73978411091	1736.97838757416	2160.90890764621
7.25	439.839733905891	514.236606830398	634.384226183415	753.571311290981	919.755080766349	1132.92677029394	1378.49566232509	1792.31692479613	2220.96119108181
7.5	452.517881049657	530.314034943656	655.788646148449	779.988040637798	952.626615614639	1173.09619759438	1425.67243188326	1847.97719261814	2281.22915228538
7.75	463.899468530567	544.982187909914	675.58354950531	804.569561928069	983.303148854337	1210.54297827938	1469.45220585405	1899.02890664355	2335.65458686792
8	472.411790627963	556.383039260849	691.45203084243	824.547463577568	1008.3950563463	1241.09760409106	1504.7928993584	1939.02178899837	2376.40191768375
8.25	475.743675292562	561.766865899769	699.941945587058	835.782875702078	1022.82633993389	1258.52006655909	1524.16771113683	1958.38470221551	2391.92675729576
8.5	470.795945782755	557.420124236396	696.359508722099	832.629455017042	1019.66093848772	1254.28892763686	1517.32339251258	1944.15582818387	2366.70098120036
8.75	457.297194699451	542.94267354807	680.108233368257	814.314697594087	997.91620380026	1227.21311533833	1482.90903485447	1894.88322699084	2299.34683761464
9	440.479253537951	524.47766972998	658.799874441084	789.901811242047	968.66795984321	1190.92795480811	1437.47352154379	1831.93140873975	2216.0822668008
9.25	425.58497437964	508.249058096817	640.229816283353	768.724032065014	943.353723280348	1159.49876347714	1398.00993819597	1776.9962389458	2143.18937646061
9.5	416.357259132361	498.758188339909	630.106088199945	757.657674252234	930.425717831827	1143.30766395173	1377.00126355634	1745.83058187971	2099.49187742701
9.75	415.810183930368	499.689053109107	633.170298080244	762.455914341205	936.979955235121	1151.05985696918	1384.86018083135	1751.41467128641	2100.28355867403
10	422.722334818628	509.671649931434	647.801972620505	781.234894886323	960.741209814151	1179.94220244514	1418.1134797144	1789.09063380191	2139.61254654516
10.25	431.378524997417	521.887452880326	665.418894008012	803.693072778664	989.069033204245	1214.41781325672	1458.02826403187	1835.04981301876	2188.76843640112
10.5	436.426750392772	529.868585640394	677.781580977127	819.88212929448	1009.72194090578	1239.45574464288	1486.55723972912	1866.57589146301	2220.65210083695
10.75	434.743616207498	529.769669236016	679.908325372273	823.739107847127	1015.21139482013	1245.87340993639	1492.734140605	1870.03375339526	2219.21562196101
11	424.085399987063	518.759754376474	668.053432057035	810.661573536836	999.827958539201	1226.68033970943	1468.25990234364	1835.24096544076	2172.64720411002
11.25	404.404214378524	496.653400854462	641.832463246216	780.100976066962	962.848376096899	1181.00902326946	1412.18857574212	1761.2687037742	2080.16297801981
11.5	377.068885204807	464.999978937319	603.098215945579	734.226307609528	906.903234215041	1112.10537549221	1328.48983571836	1653.30479395868	1948.17797696366
11.75	346.305430022008	428.903982440097	558.351208736516	680.886051319649	841.650816002032	1031.8275110505	1231.3939254871	1529.22675367953	1797.95458020926
12	318.329519561557	396.02717332921	517.525922142326	632.174275983857	782.030056584785	958.493676927738	1142.77694990391	1416.23206663495	1661.49270384464
12.25	297.156368625402	371.419141773494	487.282462980713	596.260762123709	738.166988866377	904.506237807246	1077.38451727962	1332.47511684301	1559.93077530436
12.5	283.932630388965	356.627773637096	469.778333094185	575.854187274664	713.453001343658	874.005047559157	1040.07485960807	1283.76417672219	1499.81504039894
12.75	279.191153067494	352.466350326915	466.241791610459	572.543613496974	709.902316932073	869.439311950484	1033.67948913416	1273.371703017	1484.69406713728
13	280.740704436263	356.319620736124	473.37574291451	582.365073314968	722.645469062805	884.827377110006	1051.00684081573	1292.22869220413	1503.73978145324
13.25	284.959888234937	363.70218377402	485.338436825883	598.191817326534	742.870614140208	909.367671868504	1079.17329765366	1324.35683824455	1538.19437747188
13.5	288.655727648356	370.584859105143	496.800161413222	613.477864966224	762.460235521251	933.119073856905	1106.36310852664	1355.20975963982	1571.10848146343
13.75	289.199879169903	373.574497503235	503.190570222774	622.567448100948	774.378313739317	947.473461290341	1122.38225268622	1372.33213564893	1588.07911731329
14	284.939700301511	370.458645767524	501.447602630495	621.630085912571	773.83824715244	946.582629385481	1120.33910175018	1367.38793325731	1579.563056281
14.25	277.919569000706	363.798042961843	494.936759552235	614.787454534023	765.944877572168	936.700564191313	1107.67667914092	1349.56212459071	1556.28385904014
14.5	270.953284216411	357.23076612827	488.560798013671	608.106260759333	758.244642364088	927.060328020374	1095.3312229727	1332.22137413168	1533.7012256551
14.75	266.375539678639	353.862073338664	486.592337176454	606.916509114842	757.389406891213	925.792595043092	1092.89973926926	1327.01366191848	1525.19474384921
15	266.21993610932	356.494108322823	492.981566800978	616.190462949139	769.606510833436	940.501480403006	1109.32575297737	1344.71746176646	1543.06064666365
15.25	271.086094794294	366.095678583181	509.225864353156	637.872198492564	797.359270342703	974.185163583541	1148.0951847079	1389.43784250374	1591.87534681244
15.5	278.977910042218	380.149897378841	531.990588859115	667.859312736996	835.555191972367	1020.60983909561	1201.81224729822	1452.10897357342	1661.12578776109
15.75	287.548623736892	395.582597655657	557.084177251451	700.937273047404	877.692331593756	1071.82648365126	1261.08832693037	1521.3222307115	1737.69189618929
16	294.415076400331	409.160379404644	579.988335686293	731.433718358567	916.672863159533	1119.16609995757	1315.71950879648	1584.76039148051	1807.49792124694
16.25	297.043894514834	417.306672834375	595.575897633512	752.854316809817	944.343269994767	1152.6792328034	1354.03073616043	1628.41307787508	1854.62163736852
16.5	292.617592552199	415.872128835309	597.748945213824	757.411927859858	950.898079225079	1160.40974081858	1362.02848776445	1635.56915651256	1860.15721706344
16.75	278.619569646236	400.915214377045	580.52025040686	737.381462407546	926.574408736974	1130.46445946834	1325.83640319286	1589.75408258932	1805.56742583604
17	255.372534771295	372.38314306477	543.371829922167	691.920404865601	870.22962697364	1061.47575063942	1243.95501446611	1489.40338745351	1689.31924925887
17.25	227.314583685268	336.240870816482	494.588810390358	631.408921017955	794.843178218398	969.298679564212	1135.05550999696	1357.07084763114	1537.19780529719
17.5	198.492226876698	298.158478091766	442.262277336537	566.079514869177	713.254466603909	869.602824026339	1017.53310416717	1214.84697379056	1374.32193163964
17.75	171.293128615821	261.599903027609	391.443373711295	502.367610585613	633.560670041392	772.262899807303	902.950768219254	1076.55025561956	1216.33255097011
18	145.980949866873	226.954621606486	342.716554244303	441.028825955679	556.718952438035	678.443365107685	792.659824490297	943.764434226663	1064.98581321359
