age	C0.4	C2	C10	C25	C50	C75	C90	C98	C99.6
6	403.671820771856	510.980657639029	649.474230755502	758.350751045394	879.320469640505	1000.29018823562	1109.16670852551	1247.66028164198	1354.96911850915
6.25	405.111000291616	511.443945244977	648.678025088902	756.564396581576	876.433987977105	996.303579372635	1104.18995086531	1241.42403070923	1347.75697566259
6.5	406.542894290841	511.901590982141	647.87829886254	754.776189221988	873.547506313704	992.318823405421	1099.21671376487	1235.19342164527	1340.55211833657
6.75	407.942518484546	512.334247151633	647.062978996951	752.979774818599	870.661024650298	988.342274481996	1094.25907030364	1228.98780214896	1333.37953081605
7	409.297687844743	512.732477731863	646.226177358395	751.172054404527	867.774542986873	984.377031569219	1089.32290861535	1222.81660824188	1326.251398129
7.25	410.614005153384	513.100621487695	645.370601361998	749.354452911677	864.888061323375	980.421669735072	1084.40552128475	1216.67550115905	1319.16211749337
7.5	411.891832090459	513.438958502194	644.496425781235	747.527062324549	862.001579659735	976.476096994921	1079.50673353824	1210.56420081728	1312.11132722901
7.75	413.131518776086	513.747759906516	643.603819803524	745.689971687638	859.115097995845	972.540224304052	1074.62637618817	1204.48243608517	1305.0986772156
8	414.333435170718	514.027312196058	642.692962203652	743.843275091331	856.228616331576	968.613957571821	1069.7642704595	1198.42992046709	1298.12379749243
8.25	415.497936651471	514.277890572957	641.764024709337	741.987062917081	853.342134666775	964.697206416469	1064.92024462421	1192.40637876059	1291.18633268208
8.5	416.625379913835	514.499771260288	640.817179685362	740.121425881629	850.45565300128	960.78988012093	1060.0941263172	1186.41153474227	1284.28592608872
8.75	417.716112795971	514.693223622055	639.852595216411	738.246452449069	847.569171334926	956.891890220783	1055.28574745344	1180.4451190478	1277.42222987388
9	418.770469450092	514.85850642395	638.870432773778	736.362227602845	844.682689667606	953.003151732368	1050.49494656143	1174.50687291126	1270.59490988512
9.25	419.788779237431	514.995874721557	637.870851513629	734.468835107935	841.796207999216	949.123580890497	1045.7215644848	1168.59654127687	1263.803636761
9.5	420.771366087808	515.105579364415	636.854007967553	732.566357348011	838.909726329706	945.253095311402	1040.96544469186	1162.713873295	1257.0480865716
9.75	421.718550302455	515.187868392105	635.82005691372	730.65487578392	836.023244659056	941.391613534191	1036.22643240439	1156.85862092601	1250.32793901566
10	422.630653808138	515.242991103022	634.76915391581	728.734472289934	833.136762987252	937.539053684571	1031.50437205869	1151.03053487148	1243.64287216637
10.25	423.508000022863	515.271197950369	633.701455258118	726.805229119596	830.250281314303	933.695333509009	1026.79910737049	1145.22936467824	1236.99256260574
10.5	424.350906347385	515.272734727628	632.617114317252	724.867226996126	827.363799640235	929.860372284343	1022.11048496322	1139.45486455284	1230.37669293308
10.75	425.159678663917	515.247838308391	631.516278903775	722.920543713314	824.477317965122	926.034092216929	1017.43835702647	1133.70679762185	1223.79495726633
11	425.934619086817	515.196742648457	630.399095007542	720.965256106718	821.590836289079	922.216416471439	1012.78257757062	1127.9849299297	1217.24705349134
11.25	426.676028786802	515.119680972871	629.265708162421	719.001440771916	818.704354612236	918.407268452555	1008.14300106205	1122.2890282516	1210.73268043767
11.5	427.384207179598	515.016885147638	628.116263054249	717.029173858183	815.817872934772	914.60657201136	1003.5194828153	1116.61886072191	1204.25153868995
11.75	428.059452724764	514.888586298332	626.950903906862	715.048531271681	812.931391256953	910.814251242225	998.911878607044	1110.97419621557	1197.80332978914
12	428.70206321137	514.735015031314	625.769774620125	713.059588748088	810.044909579098	907.030230410109	994.320044538072	1105.35480412688	1191.38775594683
12.25	429.312333874467	514.556399975131	624.573017859741	711.062421373544	807.158427901547	903.254434429551	989.743837943353	1099.76045582796	1185.00452192863
12.5	429.890557176257	514.352967611043	623.360774951484	709.057103528961	804.271946224609	899.486788920257	985.183117497734	1094.19092483818	1178.65333527296
12.75	430.437022608239	514.124942119813	622.133185785601	707.04370883972	801.385464548587	895.727220257454	980.637743311573	1088.64598697736	1172.33390648893
13	430.952013528779	513.87254293274	620.890387288644	705.022309371389	798.498982873787	891.975656376185	976.10757845893	1083.12542281483	1166.0459522188
13.25	431.435808824925	513.595986018555	619.632514226505	702.992976052364	795.612501200514	888.232026348664	971.592488174523	1077.62901638247	1159.7891935761
13.5	431.888682861076	513.295483843646	618.359699179548	700.955778660728	792.726019528955	884.496260397183	967.092339878363	1072.15655521426	1153.56335619684
13.75	432.31090459853	512.971244690236	617.072072117129	698.910785600293	789.839537859134	880.768290117976	962.607003601139	1066.70783102803	1147.36817111974
14	432.70274159023	512.623475749906	615.769762328017	696.858064916645	786.953056191014	877.048047465382	958.13635005401	1061.28263663212	1141.2033707918
14.25	433.064462944744	512.252385418869	614.452899852614	694.797685050877	784.066574524385	873.335463997893	953.680249196157	1055.8807636299	1135.06868610403
14.5	433.396336753729	511.858181305837	613.121614239897	692.729714185422	781.180092858994	869.630471532566	949.238571478091	1050.50200441215	1128.96384896426
14.75	433.698632281077	511.441071927293	611.776035605294	690.654220800835	778.293611194574	865.933001588313	944.811186783854	1045.14615046186	1122.88859010807
15	433.971618816923	511.001265820039	610.416294076912	688.571273384338	775.407129530853	862.242985677368	940.397964984794	1039.81299324167	1116.84264024478
15.25	434.215565877861	510.53897169626	609.042519892321	686.4809404808	772.520647867627	858.560355254454	935.998775842933	1034.50232403899	1110.82572985739
15.5	434.430745029354	510.054399854807	607.654844279228	684.383291156262	769.634166204814	854.885041253366	931.6134881304	1029.21393255482	1104.83758738027
15.75	434.617426002335	509.547759173878	606.253397578848	682.278394010204	766.747684542346	851.216975074488	927.241971505844	1023.94760991081	1098.87794308236
16	434.775877503105	509.019257738207	604.838309637275	680.166317381528	763.861202880166	847.556088378804	922.884096123057	1018.70314802213	1092.94652825723
16.25	434.906366016364	508.469101912131	603.409709227063	678.047129044122	760.974721218218	843.902313392313	918.539733209372	1013.4803405243	1087.04307642007
16.5	435.0091543365	507.897495202223	601.967723337494	675.920895833311	758.088239556412	840.255583279513	914.208755775329	1008.2789839106	1081.16732477632
16.75	435.084501824996	507.304638456627	600.512477298967	673.787683711329	755.20175789464	836.615832077951	909.891038490313	1003.09887733265	1075.31901396428
17	435.132666705109	506.690731642055	599.044095891872	671.647558350947	752.31527623282	832.982994114693	905.586456573768	997.939820823586	1069.49788576053
17.25	435.153907614231	506.055975045946	597.562704096768	669.500585530331	749.428794570959	829.357003611587	901.294885045151	992.801614095973	1063.70368152769
17.5	435.148480411182	505.400566804026	596.068425551535	667.34683032099	746.542312909075	825.737795497161	897.016200266616	987.684059014124	1057.93614540697
17.75	435.116626289032	504.724693694946	594.561376807168	665.18635406455	743.655831247178	822.125308429806	892.750285687187	982.58696879941	1052.19503620532
18	435.071361032371	504.038435073835	593.047847441371	663.022467010723	740.769349585278	818.516232159833	888.490851729184	977.50026409672	1046.46733813818
