age	C0.4	C2	C10	C25	C50	C75	C90	C98	C99.6
6	259.781848223076	286.607030035818	328.37132458018	368.507373587213	423.132254895642	491.961272031319	570.644530912173	704.02760725965	845.516745421848
6.25	255.281948297589	282.170025760082	324.033220380846	364.24807264607	418.929368230494	487.711078590851	566.138175096076	698.509772989875	838.049276827012
6.5	250.639082328547	277.572949845077	319.507218979185	359.772231820139	414.467563814411	483.143290668238	561.241769457979	692.475546392481	829.946310952691
6.75	245.31674934375	272.220975245774	314.108075184478	354.308275899505	408.858859601344	477.225364570105	554.760818114828	684.464724337017	819.477989027659
7	239.052922677688	265.818761704414	307.488773638219	347.459968294549	401.641066643305	469.414220337318	546.063371986132	673.704442451027	805.735311962499
7.25	232.148329771884	258.694195592009	300.019393007913	339.63796768236	393.280351259135	460.246763845482	535.76867346106	660.957578678857	789.6385559631
7.5	224.958035102376	251.238585993529	292.14766881966	331.344259913631	384.352636803843	450.392364977737	524.653410215344	647.183819246236	772.341860485996
7.75	218.323159439292	244.390571841596	284.964029682724	323.814728758845	376.290623490981	441.529235686927	514.672435040758	634.795832674031	756.726463376778
8	212.993330254908	238.994903581005	279.461225288271	318.183580075105	370.418958306199	435.217544713774	507.648108216632	626.041634189189	745.464780121526
8.25	209.271678657224	235.402747821993	276.065057225509	314.947499848443	367.328643743538	432.162681802299	504.409740781296	621.943070053928	739.758705901882
8.5	206.960491145558	233.404820100121	274.548058067417	313.860946405978	366.748152404075	432.057739307112	504.606254902387	622.065509874695	739.074017347806
8.75	205.59053548207	232.483586900556	274.317342987137	314.258355150021	367.912590927831	434.012214656322	507.203412833866	625.132033125552	741.879002061571
9	204.046250833653	231.383804615913	273.900212739394	314.45894780128	368.860701783307	435.717642342522	509.506110342764	627.819812053409	744.22341629339
9.25	201.218513791957	228.843658442443	271.797333614111	312.736860586831	367.563086859765	434.7724914417	508.703749074777	626.666829303639	742.010065420165
9.5	196.425005181216	224.072799008345	267.050502416323	307.974537855108	362.69045328895	429.591427157738	502.934744730176	619.383816532662	732.547529073123
9.75	189.277747651665	216.60667076766	259.076414859388	299.47673048311	353.400649170321	419.158221059194	491.000161615192	604.500654961138	714.124572445918
10	180.535270370523	207.289219378473	248.852150524274	288.348523055993	340.972813528664	404.970474040327	474.645121425244	584.173376310435	689.316821894873
10.25	171.877622720725	198.035590125782	238.658347676402	277.218729177806	328.501640258482	390.693205956166	458.16075084881	563.688386042773	664.377729013716
10.5	164.3406739025	190.042131432376	229.94052953321	267.769282332688	317.98326261019	378.703208264482	444.33616892585	546.477650989095	643.348749529395
10.75	157.727122732613	183.091874909683	222.450952178486	259.7226018141	309.099120515479	368.629890213352	432.741094357093	532.00986279426	625.592149742054
11	151.747960754193	176.858592322072	215.805395291194	252.638965298742	301.334795522031	359.866741946058	422.667079095951	519.412322156105	610.072051497668
11.25	146.516008511702	171.481842538488	210.184644914499	246.737593148793	294.959262686953	352.740773865223	414.501072794739	509.15902389373	597.337200488621
11.5	142.302320185459	167.290409054083	206.006602175581	242.519710099769	290.58206974244	347.98868445548	409.112293366919	502.315014950118	588.626351526311
11.75	139.574289003595	164.852136657435	203.994120481847	240.85295801385	289.258794919543	346.886182148446	408.005398874455	500.722920157202	586.082616119954
12	139.057434831159	165.054092631585	205.283337808346	243.105646970516	292.658197193244	351.452482378486	413.562432594862	507.297666033236	593.092827266701
12.25	141.482666880364	168.811033750398	211.071730680915	250.737232527949	302.5758601929	363.870636101273	428.362116207721	525.188918610462	613.302321589107
12.5	147.508138914972	176.975264997275	222.509148556577	265.171211392054	320.782663939092	386.306210961201	454.966383144632	557.518418087363	650.307131667905
12.75	157.853945912251	190.500780212292	240.907150129416	288.046319590898	349.329871787319	421.275098381695	496.353335708814	607.909832207299	708.271689514488
13	171.343514873127	208.071811347251	264.730178343292	317.611947966623	386.170840241671	466.35854670624	549.688408882891	672.862334801114	783.050368116197
13.25	184.995379543565	226.144409691909	289.562190971964	348.630136173479	424.989097600942	513.960482118401	606.02672446614	741.406076165249	861.834542690612
13.5	195.664645624693	240.884910183378	310.505786324541	375.209594544132	458.604804568441	555.396365221551	655.125348194092	801.008288516288	930.059451797203
13.75	200.961678320461	249.284810558341	323.600484333604	392.508206715119	481.046919661288	583.39852555493	688.398513373084	841.190761661074	975.609362220602
14	199.144775938168	249.042258699998	325.687264401822	396.581789104829	487.38078099148	591.916777843522	698.686531241192	853.243197062892	988.471211741963
14.25	190.582089425612	240.420032632564	316.874466001451	387.410894346182	477.450115678325	580.678119876028	685.64324579229	836.794252874395	968.326243971041
14.5	176.693005131195	225.001847934033	299.006682086128	367.097641417174	453.71448953114	552.593922686097	652.685188035837	796.065127736527	920.164891257336
14.75	159.960305051374	205.772211048166	275.845393962563	340.133706996697	421.619522252765	514.234122294385	607.557449932277	740.544362986886	855.036248444055
15	142.993966346148	185.982305441949	251.628310020879	311.671914877728	387.493655026927	473.284372314679	559.33414026546	681.31613210281	785.779977908423
15.25	127.679657876618	168.064591912093	229.624725977237	285.74999818764	356.349198201391	435.864348847496	515.248954656996	627.19559295813	722.564602667612
15.5	115.237230207293	153.683750291601	212.175094008705	265.320689643469	331.902787121989	406.54160183048	480.707928281609	584.750781056117	672.927921176076
15.75	106.270764733644	143.773889561613	200.709066803257	252.253646418165	316.5599652336	388.301522435303	459.250699180229	558.262299105434	641.74551016526
16	100.649282186928	138.338631799968	195.424165086075	246.90643873327	310.855951544532	381.849047341697	451.721563187058	548.723717328322	630.097716498715
16.25	98.1927226756458	137.346562324465	196.50020608631	249.629885829602	315.327658431931	387.895158125515	458.971585779558	557.132915885694	639.065745490259
16.5	98.3957642733979	140.341757324713	203.5381102214	260.052323763528	329.607033341966	406.039991309818	480.536688476212	582.888557869299	667.894377971272
16.75	100.493752896574	146.502294184635	215.608884049393	277.122571316108	352.460519236432	434.813544586629	514.684502258045	623.852701201576	714.073486807992
17	103.704673648244	154.9574391271	231.686593246821	299.648743860954	382.461344289212	472.498550784194	559.387539414617	677.535321007962	774.701673774712
17.25	107.028704430811	164.461629868498	250.138922340528	325.628711424367	417.127581549739	516.0622874055	611.058360416363	739.565032371391	844.741421516294
17.5	109.449377150864	173.631370896987	269.028544101584	352.614753447174	453.370375777125	561.702413444061	665.195093759558	804.477119750125	917.929182328372
17.75	110.716814461569	182.159570431109	287.981476866812	380.158438957256	490.635800810917	608.739512872133	720.991595616461	871.289253900219	993.136839292807
18	110.728709598386	189.896211868044	306.830889856638	408.066075960798	528.683288514744	656.872217255221	778.083297540115	939.548740831688	1069.83961572055
