age	C0.4	C2	C10	C25	C50	C75	C90	C98	C99.6
6	560.834110195049	717.048000199249	927.590865523781	1099.21850390305	1295.46140088962	1496.9699056563	1682.43876500963	1923.51465015815	2113.98860243962
6.25	567.643527265285	721.527595734744	929.998632198485	1100.72362191089	1296.68795996907	1498.65215206232	1685.13499998539	1928.29462590508	2120.97165635329
6.5	574.308358849166	725.947025892142	932.396366367889	1102.23131144093	1297.9194112401	1500.34136653493	1687.84786319759	1933.12311387145	2128.04826062329
6.75	580.844937392816	730.31950455012	934.79750335157	1103.75642767775	1299.17249943648	1502.05626224018	1690.59799909438	1938.02380878296	2135.24529448791
7	587.261776892985	734.648303838735	937.202293598981	1105.2978907059	1300.44483976206	1503.79310082155	1693.38051227235	1942.99082727361	2142.5568739405
7.25	593.549650375354	738.914247754688	939.581607055333	1106.81932628434	1301.69178668485	1505.49853194956	1696.13397043935	1947.95255585069	2149.90400339377
7.5	599.696588439518	743.095574740915	941.903448361404	1108.28105218535	1302.86470829822	1507.11434644491	1698.79113143638	1952.83014920514	2157.1992148583
7.75	605.685139781895	747.164133512301	944.127663678019	1109.63351077441	1303.90289262549	1508.56773857684	1701.26762409205	1957.52405916935	2164.33132206064
8	611.493990056148	751.08821968758	946.210545364145	1110.82338075934	1304.74143028013	1509.78104244784	1703.47341004838	1961.92775279788	2171.18092438337
8.25	617.097621903358	754.832635013433	948.105548047189	1111.79489658847	1305.31327876477	1510.67460710786	1705.31643476104	1965.93240012522	2177.62592819796
8.5	622.465787614961	758.358148525858	949.762814129647	1112.48947316506	1305.54904056327	1511.16676671581	1706.70279700109	1969.42732375183	2183.54222767189
8.75	627.54260125957	761.595793038078	951.096720714492	1112.80750741164	1305.33193658413	1511.12152460845	1707.4774811704	1972.23135539536	2188.72738796128
9	632.216321397941	764.41138887698	951.94294340715	1112.55902521161	1304.44073970143	1510.28314616578	1707.35089539134	1974.00836116096	2192.80703544264
9.25	636.367720332449	766.664026006442	952.131055863181	1111.54817094066	1302.64824586507	1508.38937927165	1706.0259864502	1974.41282711507	2195.39533177165
9.5	639.890607606258	768.231966678935	951.518337881231	1109.61398541414	1299.77056952905	1505.23007214206	1703.26592492885	1973.16998442829	2196.18541917773
9.75	642.685545151325	769.003387185181	949.976298783359	1106.61333638942	1295.6458216808	1500.62134399377	1698.8640122173	1970.04001841598	2194.90900632058
10	644.672988732437	768.891745633057	947.409337411943	1102.44251608888	1290.15935260122	1494.43489208108	1692.67701460944	1964.85703984365	2191.38010771479
10.25	645.795264290377	767.837553121324	943.756341905179	1097.03880678098	1283.24541460658	1486.59992327043	1684.62750520141	1957.53220455946	2185.49897863759
10.5	645.99263851851	765.778908972088	938.95325149287	1090.33611768517	1274.83443270716	1477.04135783535	1674.63331277846	1947.97121572965	2177.15973814335
10.75	645.192145921353	762.638537893837	932.917519179804	1082.24720165437	1264.832488921	1465.65632644894	1662.58110669066	1936.04388848607	2166.21656692993
11	643.326925952569	758.346191877499	925.574835820603	1072.69406747509	1253.15613747964	1452.35371631736	1648.37048657143	1921.63441500929	2152.53906424483
11.25	640.364535421727	752.87095928027	916.897139025691	1061.6509152866	1239.7812971733	1437.10955439153	1631.97568534152	1904.71178920887	2136.08997627194
11.5	636.293489919798	746.205582255395	906.88385073023	1049.12278939522	1224.71887128633	1419.93943579976	1613.4149994564	1885.29526480693	2116.88746473158
11.75	631.150631394904	738.399156933211	895.602590652499	1035.19356857079	1208.07192813789	1400.96616070658	1592.82901052442	1863.54778269966	2095.11176009111
12	625.028286482253	729.564883144396	883.197954329886	1020.03582417644	1190.04711962246	1380.43318529546	1570.49635738301	1839.79550846439	2071.12835606126
12.25	618.040735901529	719.839985507654	869.841878734989	1003.8527660007	1170.88631070208	1358.62491169276	1546.74294564787	1814.42176704185	2045.36922577906
12.5	610.355205680525	709.422069006499	855.77803605793	986.929946373886	1150.92756579782	1335.93833689947	1522.02452840421	1787.96561056779	2018.44559366177
12.75	602.146688173209	698.515482184979	841.255669415171	969.557875156285	1130.51378663365	1312.77604442424	1496.8041344874	1760.97737014366	1990.98492168562
13	593.592592656844	687.324275467491	826.519821990372	952.019604569149	1109.97677637017	1289.52607503854	1471.5275493822	1733.98767429427	1963.59424192398
13.25	584.866962246914	676.046353384024	811.805441932729	934.584816381053	1089.63132403836	1266.5560343563	1446.61748606443	1707.50181741125	1936.85484399111
13.5	576.12634664398	664.857360996599	797.31823352997	917.487846435164	1069.7495598969	1244.18315132119	1422.43918533516	1681.9588242316	1911.2755963294
13.75	567.506057076559	653.90655920866	783.229834383035	900.922090510123	1050.55420647058	1222.66598986576	1399.29035485252	1657.71853618381	1887.27733833302
14	559.122417462984	643.320621484852	769.684005816154	885.048419201116	1032.22985186678	1202.21903010854	1377.41916113256	1635.08464278198	1865.22048154443
14.25	551.04592934427	633.172495821874	756.75883611363	869.951104612719	1014.87062034027	1182.95049732908	1356.95162372485	1614.21630641299	1845.30224956409
14.5	543.32965134821	623.51515857153	744.508607419544	855.687107836523	998.538910973872	1164.93196752893	1337.97235516737	1595.22517378758	1827.6681723986
14.75	535.983077923892	614.351671966384	732.927994644068	842.24479508314	983.216932948522	1148.14135860614	1320.45848603163	1578.09555617741	1812.31967644476
15	528.987276110527	605.652946938567	721.973715967785	829.569065845743	968.836155004974	1132.49719776378	1304.31870322697	1562.73015801708	1799.16553636458
15.25	522.317925870161	597.383899450165	711.595273445816	817.596181325752	955.317211496056	1117.90419847835	1289.4444595264	1549.00921651833	1788.08782352716
15.5	515.942012361304	589.499270186899	701.729325678617	806.246664587029	942.560701864106	1104.24130891651	1275.69481178479	1536.76993721975	1778.91589281182
15.75	509.829504616318	581.957801436012	692.317842330238	795.447294748368	930.474327867136	1091.39507396323	1262.93646321703	1525.8567767223	1771.48622402438
16	503.965544619117	574.735479924794	683.322835224177	785.147103487808	918.990372088894	1079.27862752432	1251.06407599248	1516.14323616147	1765.66511140286
16.25	498.338709709155	567.812749204494	674.712165314898	775.302053885941	908.049116795899	1067.81385708058	1239.98131523277	1507.51149555841	1761.32726923992
16.5	492.920824438604	561.152347974879	666.434590636468	765.847701758675	897.56865731035	1056.8981676457	1229.56470265663	1499.81237147673	1758.31272913511
16.75	487.670822745112	554.7035010716	658.424405473004	756.704204027242	887.450329967864	1046.41031885873	1219.66978040599	1492.87177910986	1756.43345210539
17	482.55168338482	548.42089141911	650.623496947601	747.801235706016	877.607351943833	1036.24347209767	1210.16881788465	1486.5355116314	1755.52473046081
17.25	477.534201983813	542.26916380655	642.987107032028	739.085081158512	867.97387505136	1026.31690247504	1200.96572417093	1480.68978190494	1755.47187269594
17.5	472.59293320626	536.21772889792	635.476776948361	730.509728385503	858.493512988033	1016.56127107897	1191.97763134474	1475.23676434784	1756.17984622088
17.75	467.715124099309	530.251340939706	628.073667422802	722.053005784996	849.139544285389	1006.94424434348	1183.16698419994	1470.1380678307	1757.62922442475
18	462.869188782809	524.332721941367	620.731611798923	713.660016527851	839.84476371542	997.382673627095	1174.43306583282	1465.27088248946	1759.69524575989
