age	C0.4	C2	C10	C25	C50	C75	C90	C98	C99.6
6	407.164894027468	437.337746907697	484.257959135493	529.573788199987	592.067760743452	672.919661537876	769.362240095593	946.308473082871	1159.39754846186
6.25	404.421301879766	435.034023203282	482.598066268068	528.468102207076	591.581466025808	672.924640675989	769.405808097122	944.599124556936	1152.00664445024
6.5	401.635738656989	432.700963930917	480.924751757246	527.359158520379	591.097045490916	672.924691155862	769.425033054301	942.855453879966	1144.79197080044
6.75	398.804348630675	430.336322520978	479.238321130292	526.249781262007	590.621002839006	672.931841421298	769.44037187929	941.118735164206	1137.81455291899
7	395.92606400924	427.940326997382	477.540860990985	525.143661623458	590.15905106782	672.954487809143	769.464159715361	939.410271336574	1131.09475432505
7.25	393.003856460904	425.516688269751	475.83676951555	524.045326903833	589.715180460939	672.995155444887	769.496753027095	937.725082682408	1124.60562235448
7.5	390.039497804266	423.068093977717	474.129716546747	522.958893572342	589.293489309363	673.057337843944	769.540818878686	936.063838046118	1118.33236661832
7.75	387.033880756783	420.596257066737	472.422181697008	521.887016244288	588.896175192409	673.14201567987	769.595775682667	934.422661171902	1112.25530878347
8	383.987938029367	418.102882819916	470.716484847328	520.831971429514	588.524687964909	673.248903880424	769.659169160829	932.794806066397	1106.35194741882
8.25	380.903342992959	415.590320953231	469.01532893929	519.796063930983	588.17991332916	673.376309233841	769.726110102821	931.169293616716	1100.59455032388
8.5	377.782923759351	413.061922690102	467.322039897221	518.781731762708	587.862075354269	673.520769209998	769.788621285813	929.529826862274	1094.94864605769
8.75	374.630999071089	410.522391434342	465.64093295284	517.791930589533	587.571168197811	673.677601404388	769.83641702554	927.856208086905	1089.37536484958
9	371.455124020207	407.979304457626	463.978384746204	516.830681746502	587.306681827896	673.839460111061	769.853986421948	926.118669088567	1083.82248523771
9.25	368.263327286862	405.440578188446	462.340782008612	515.901638512269	587.067253285495	673.997744178776	769.824500862575	924.287055529522	1078.24032502662
9.5	365.061016132555	402.911166649666	460.730936335252	515.004280990429	586.846650228261	674.138443147746	769.725629942	922.32672522327	1072.57760586199
9.75	361.852831800784	400.395012999819	459.150173732088	514.136139390722	586.636188556155	674.244810573846	769.532482512578	920.201755527467	1066.78449471561
10	358.637079641187	397.888752461157	457.590916517833	513.284329750419	586.414905191918	674.285906737495	769.204360739401	917.858720134756	1060.79313581504
10.25	355.405978243941	395.381834873538	456.036630506317	512.425375857504	586.149284464558	674.216302991494	768.68451554972	915.226575559934	1054.51758839135
10.5	352.152843835173	392.864281775549	454.470454595189	511.534675723099	585.803867624094	673.988113455966	767.913729450568	912.232602472253	1047.87184944597
10.75	348.872203104036	390.326485020185	452.874493384596	510.585318250598	585.339451853055	673.548446275583	766.826913141451	908.797492545958	1040.7632370496
11	345.560342399833	387.760083016161	451.231310380126	509.550290575359	584.716419411141	672.844294233916	765.359856498965	904.845221248231	1033.10538440898
11.25	342.213477027155	385.156432598943	449.523027776413	508.40233215474	583.895774251482	671.825172916678	763.453692055336	900.310372081829	1024.82818439804
11.5	338.828750988592	382.507481542273	447.732004917942	507.114431787683	582.839364830585	670.442888339194	761.053948255801	895.13556139195	1015.87310014978
11.75	335.403893997013	379.806855788265	445.84440786528	505.665964843044	581.519618499386	668.665738002689	758.129576454994	889.29782008963	1006.22629997397
12	331.935960881209	377.049162655049	443.850449968371	504.043819521178	579.921729637854	666.481694926925	754.67679591101	882.812651489811	995.922138775068
12.25	328.420504559246	374.227749092329	441.739729459679	502.235203413662	578.03276195427	663.882544257345	750.69736167137	875.702435301836	985.001709845328
12.5	324.847485744273	371.331261645353	439.498947407199	500.226534610708	575.842100153273	660.866145576423	746.202681668019	868.00333686671	973.522438033419
12.75	321.205158336604	368.346937364922	437.11405376012	498.004281270305	573.34026643319	657.432459889297	741.206559231837	859.75272373843	961.540475441829
13	317.479646571069	365.260431336435	434.570448637884	495.555470449212	570.519747247501	653.58465322607	735.72654683973	850.99100129703	949.113220052806
13.25	313.655560945769	362.056372801434	431.853360388664	492.867803418407	567.374640377506	649.328068668062	729.782164238311	841.75880428843	936.295792147986
13.5	309.721239279204	358.724093364261	428.954156286112	489.936357844196	563.907697056033	644.677517896245	723.402392528621	832.104868521307	923.149414693646
13.75	305.670565229229	355.259855541554	425.873075368203	486.76667954579	560.133766017725	639.661058906475	716.629803517278	822.09082258857	909.746984378841
14	301.498950461728	351.662010664339	422.613076827255	483.367391170056	556.070805144432	634.309213374457	709.508055745838	811.776465113433	896.156672176027
14.25	297.209522272507	347.937077810428	419.185574680176	479.755503107976	551.744586788329	628.658979754042	702.085281845914	801.222463642063	882.444222920844
14.5	292.806995823332	344.093652923257	415.60448698727	475.950673072056	547.183333333426	622.749057299729	694.410091747675	790.487781066131	868.671847111212
14.75	288.302131175544	340.147337344406	411.891733155081	471.981139322019	542.424150606098	616.626841391239	686.539172283015	779.638228336957	854.907653120731
15	283.709223310998	336.118088234029	408.074344672877	467.880621375932	537.509701173179	610.344915820255	678.533692412777	768.742893324248	841.22218455346
15.25	279.045354821827	332.028932402024	404.182347055149	463.685476126913	532.484512757645	603.956508922788	670.454018905692	757.867970391926	827.681587494987
15.5	274.33375006574	327.909040851599	400.251390566812	459.436959877905	527.396845153214	597.517015777595	662.360995273842	747.077830210747	814.348572493867
15.75	269.597047469137	323.78699461878	396.316113339482	455.174780008335	522.292581844652	591.078382157964	654.310906364492	736.430899383725	801.279106415182
16	264.858261428313	319.690408293397	392.407942884215	450.933431745478	517.209928381864	584.682171928923	646.347093014519	725.969439113582	788.510750591625
16.25	260.139072269093	315.645110211277	388.55564719758	446.744002244938	512.182777591355	578.364663349562	638.506741907764	715.728646100803	776.073637234296
16.5	255.446027141977	311.661184197688	384.771278486792	442.620104819451	507.226687911647	572.142921996332	630.807078920122	705.723023948115	763.976968934327
16.75	250.773361675457	307.736022209008	381.053507621978	438.561406747777	502.342598907138	566.018682802905	623.249384643587	695.950534752251	752.213230279275
17	246.113014084884	303.864515767152	377.39809964711	434.564318174761	497.527744997275	559.989482548798	615.830319800443	686.404153666863	740.769890151831
17.25	241.453427440742	300.037283097527	373.795617104326	430.619327808186	492.772607308144	554.045251672071	608.538209449401	677.067769399735	729.624992929158
17.5	236.783966394658	296.245458525682	370.23700795152	426.717269139169	488.06795367218	548.176144553586	601.361593963963	667.925650672455	718.757317650281
17.75	232.099180216551	292.48483898921	366.718017011515	422.853997386075	483.409826055308	542.37784600092	594.294824425122	658.968398141329	708.152584084756
18	227.392133825812	288.744388221489	363.222405277606	419.009771691369	478.774868054174	536.623011419648	587.306116233308	650.156806002946	697.764129544157
