age	C0.4	C2	C10	C25	C50	C75	C90	C98	C99.6
6	470.147459162716	489.424108597649	526.793196094053	576.762785422286	666.745491698291	775.307396020022	857.419998421296	934.116883703716	980.412278041077
6.25	467.078957134791	486.416348186505	523.764709494237	573.476723111303	662.858288238336	770.820748345384	852.788429519465	929.900631985454	976.740158046683
6.5	464.008383442164	483.409071916739	520.740158994538	570.196976953977	658.975276701769	766.333172951858	848.157236033408	925.696770707568	973.097188138531
6.75	460.949545832137	480.414603845632	517.730411285007	566.934912888465	655.11083251091	761.862931228931	843.545821741578	921.521587299917	969.495702745102
7	457.909361361555	477.439070410513	514.740794819551	563.696060990393	651.272013706147	757.419070900993	838.963756785593	917.382969704249	965.94154542078
7.25	454.884853350516	474.479820922656	511.768964844319	560.477955613012	647.455700680303	752.997617667092	834.406817934015	913.277532949598	962.432614860808
7.5	451.875962240346	471.536794337874	508.814843101298	557.280492892816	643.661778003077	748.598438427405	829.874849166841	909.205224301648	958.969181480973
7.75	448.88264547636	468.609945976121	505.878367424373	554.103585277419	639.890149462993	744.221423011675	825.367716887947	905.166014026947	955.551547386585
8	445.90486041319	465.699233027954	502.959480065362	550.947149915255	636.140723076002	739.866464752201	820.885290290295	901.159882674546	952.180042368439
8.25	442.942594209983	462.80464257737	500.058154247736	547.811136888258	632.413445742373	735.53350344703	816.427487714414	897.186863983181	948.855061324095
8.5	439.995861062709	459.926190273877	497.174394542167	544.695530061064	628.70830320986	731.222524068957	811.9942759379	893.247048208352	945.577072516766
8.75	437.064687976222	457.063905140058	494.308220110645	541.600328765989	625.025299422742	726.933533438799	807.58564447168	889.340553378905	942.346587010196
9	434.149130740061	454.217846374366	491.459682988154	538.525567875085	621.364479622137	722.666587070136	803.201635522358	885.467558754086	939.164195096314
9.25	431.249244028226	451.388072116375	488.628834347464	535.471280881699	617.725887740021	718.421739614517	798.8422889659	881.62824436945	936.030502940744
9.5	428.365063574699	448.574620829977	485.815704431657	532.437478051403	614.109541418124	714.19901608848	794.507610560523	877.82275620151	932.946096355215
9.75	425.496616101957	445.777521638502	483.020313656434	529.424158533433	610.515445863211	709.998427836441	790.197589536526	874.051225404223	929.911561714274
10	422.643915245222	442.996790343758	480.242668847087	526.431306962839	606.943591239161	705.819971220923	785.912198591145	870.313769975374	926.927489554428
10.25	419.806961627305	440.23242947065	477.482763246702	523.458893470244	603.393952662999	701.663627612716	781.651393878164	866.610494820317	923.994475429268
10.5	416.98572858545	437.484413268811	474.740560191846	520.506855728689	599.866469338781	697.529338887724	777.415087526395	862.941461193137	921.113088063119
10.75	414.180120751736	434.752644665567	472.015947229271	517.57504980504	596.36099008491	693.416946888337	773.203082441663	859.306616810191	918.283797227404
11	411.390028772079	432.037011853128	469.308796071599	514.663314220279	592.877344161865	689.32627185716	769.015156284373	855.705885099304	915.507067032528
11.25	408.615312622744	429.337370581784	466.618943097416	511.771448376734	589.415316176344	685.257082946216	764.851028170436	852.139127534925	912.783315978006
11.5	405.855819433373	426.653562797165	463.946209473196	508.899234527009	585.97467120242	681.209127142275	760.710390608338	848.606178736704	910.112955063953
11.75	403.111392225617	423.985425712363	461.290410838326	506.046448240124	582.55516656461	677.182142610303	756.592924021414	845.106862179917	907.496405213858
12	400.381868679684	421.332790473154	458.65135580551	503.212856748426	579.156549925462	673.175856457573	752.498294180304	841.640987214554	904.934094976814
12.25	397.66708755365	418.695488873383	456.028853183364	500.398226758554	575.778567997998	669.189994456417	748.426162683189	838.208360355733	902.426473426326
12.5	394.966885000044	416.073349253166	453.422707101743	497.602318629646	572.420958962107	665.224271030844	744.376174621045	834.808770051735	899.973993804315
12.75	392.281102066603	413.466204594453	450.832726210003	494.824896977912	569.083465607685	661.278405796322	740.347978136204	831.442009796088	897.577140428093
13	389.609607883957	410.873916683896	448.258749522784	492.065758465335	565.765866242648	657.352158092083	736.341261803282	828.107918516332	895.236472333475
13.25	386.952289178509	408.296365283108	445.700634978755	489.324719643452	562.467961347473	653.445312345432	732.355739083958	824.806364259037	892.952607888856
13.5	384.309071967684	405.733471247531	443.158285051094	486.601645478654	559.18960701029	649.557717821452	728.391193793066	821.537296707541	890.726284145009
13.75	381.679937207831	403.185213144997	440.631664996307	483.896469399885	555.930737817474	645.689315090301	724.447509899668	818.300781346917	888.558396029946
14	379.064874914271	400.651578994373	438.120750376168	481.20913584552	552.691300950392	641.840059684976	720.524586335851	815.096904303457	886.449895723335
14.25	376.463894101852	398.132576830889	435.625538661366	478.539613001602	549.471270672239	638.009938768013	716.622355714317	811.925793828849	884.401818162566
14.5	373.877006996528	395.628218035767	433.146031036305	475.887872881615	546.270625541134	634.198944801106	712.74075488698	808.787587204087	882.415247095039
14.75	371.304213998701	393.138501392002	430.682214888408	473.253872048818	543.089326190823	630.407049616947	708.879695646599	805.682397305793	880.491280426097
15	368.74550711705	390.66341669535	428.234067742055	470.637555965589	539.927320386974	626.634210367732	705.039071412896	802.610320149583	878.631040472563
15.25	366.200849095172	388.202922688452	425.801533159315	468.038832633229	536.784512981285	622.880334891452	701.218718436965	799.571390947285	876.835628252148
15.5	363.670152522213	385.756924863283	423.384496346072	465.457545814008	533.660735324851	619.145246329306	697.418375872396	796.565538219627	875.106075100873
15.75	361.15332303549	383.325320943368	420.982833582866	462.893529011627	530.555806757731	615.428753891083	693.637764570964	793.592672046747	873.443440401195
16	358.650250034565	380.907990606992	418.596400201406	460.346591436046	527.469517119191	611.730630610936	689.876559935151	790.652649924834	871.848773933899
16.25	356.160820508777	378.504810422334	416.225047493997	457.816537272811	524.401650111767	608.05064219553	686.134425956185	787.745317509276	870.3231648199
16.5	353.684934257862	376.1156698871	413.868640137009	455.303184657898	521.35200476493	604.388571548839	682.411042402501	784.870538945314	868.867777135061
16.75	351.222501823788	373.740469309885	411.527053980484	452.806363371198	518.320392973538	600.74421618329	678.706102160639	782.028194161842	867.48385036826
17	348.773434509432	371.379109725626	409.200165878069	450.325904705192	515.306629687371	597.117379335398	675.019303753541	779.218174002848	866.172700737512
17.25	346.337642233688	369.03149092864	406.887852096684	447.861640401076	512.310532876303	593.507871588263	671.350354917647	776.440387046138	864.935734959873
17.5	343.915040150359	366.697518043961	404.589994681403	445.413408613913	509.331928481288	589.915514048563	667.698973723163	773.694757584353	863.774449297038
17.75	341.505572723346	364.377125904965	402.306507019844	442.981081892537	506.370684054647	586.34017965028	664.064935505218	770.981276732326	862.69048560463
18	339.099890350836	362.062520840662	400.031206113028	440.558581708061	503.418262448319	582.769775077765	660.435646669583	768.293004532091	861.68834827586
