age	C0.4	C2	C10	C25	C50	C75	C90	C98	C99.6
6	426.645311395367	578.086412055174	773.537409003631	927.190924875025	1097.91113641946	1268.63134796389	1422.28486383529	1617.73586078374	1769.17696144355
6.25	426.78534226588	577.488190120104	771.986392574711	924.890870445948	1094.77884639124	1264.66682233653	1417.57130020777	1612.06950266237	1762.7723505166
6.5	426.922425895116	576.887685856888	770.433951959416	922.590066457397	1091.64655636301	1260.70304626862	1412.8591607666	1606.40542686913	1756.3706868309
6.75	427.046455264881	576.277072443786	768.8752031743	920.285942433953	1088.51426633473	1256.74259023552	1408.15332949517	1600.75146022568	1749.98207740459
7	427.15246629213	575.652505720981	767.307747440689	917.977235881217	1085.38197630634	1252.78671673146	1403.45620517199	1595.1114468917	1743.61148632055
7.25	427.24265277592	575.01568455489	765.732644861301	915.664504738758	1082.24968627768	1248.8348678166	1398.76672769406	1589.48368800047	1737.25671977944
7.5	427.317102377649	574.366676830002	764.1499377964	913.347771301007	1079.11739624858	1244.88702119616	1394.08485470077	1583.86811566717	1730.91769011952
7.75	427.375902870712	573.705550517529	762.559668660356	911.027057890862	1075.98510621887	1240.94315454688	1389.41054377738	1578.26466192021	1724.59430956703
8	427.419150991609	573.032380529673	760.961884198768	908.702389110788	1072.85281618837	1237.00324326595	1384.74374817797	1572.67325184706	1718.28648138513
8.25	427.446936561483	572.347236423433	759.356627815588	906.373787804555	1069.720526157	1233.06726450945	1380.08442449841	1567.09381589057	1711.99411575252
8.5	427.45934814179	571.650186780343	757.743942306111	904.041276495644	1066.58823612479	1229.13519575393	1375.43252994347	1561.52628546924	1705.71712410779
8.75	427.456474652742	570.941300459769	756.123870639029	901.704877798836	1063.45594609184	1225.20701438484	1370.78802154464	1555.9705917239	1699.45541753093
9	427.438406982046	570.220647844737	754.496456733877	899.364614829425	1060.32365605842	1221.28269728742	1366.15085538297	1550.42666427211	1693.2089051348
9.25	427.405236112065	569.488299391576	752.861744555934	897.020510726794	1057.19136602484	1217.36222132289	1361.52098749375	1544.89443265811	1686.97749593762
9.5	427.357055015707	568.744327098094	751.219779032388	894.6725891366	1054.05907599143	1213.44556284626	1356.89837295047	1539.37382488476	1680.76109696715
9.75	427.293956615099	567.988802922756	749.570605065851	892.320873691537	1050.92678595845	1209.53269822537	1352.28296685106	1533.86476899415	1674.55961530181
10	427.216024116785	567.221791300332	747.914262864099	889.965385553367	1047.79449592617	1205.62360629898	1347.67472898824	1528.36720055201	1668.37296773556
10.25	427.123331032587	566.443349158038	746.250787950137	887.606143418202	1044.6622058948	1201.71826837139	1343.07362383946	1522.88106263156	1662.20108075701
10.5	427.01595157434	565.653533965173	744.580216185223	885.243166160172	1041.52991586453	1197.81666556889	1338.47961554383	1517.40629776389	1656.04388015472
10.75	426.89396352424	564.85240595591	742.902585155925	882.876473561462	1038.39762583559	1193.91877810972	1333.89266651525	1511.94284571527	1649.90128814694
11	426.757445608526	564.040026095484	741.217932904993	880.506085644345	1035.26533580819	1190.02458597204	1329.31273871139	1506.4906455209	1643.77322600785
11.25	426.606482075212	563.216459625147	739.526300143413	878.132023835375	1032.13304578248	1186.13406772959	1324.73979142155	1501.04963193982	1637.65960948975
11.5	426.44115934581	562.381773469287	737.82772863244	875.754310113847	1029.00075575857	1182.24720140329	1320.1737828847	1495.61973804785	1631.56035217133
11.75	426.261561037702	561.536032380739	736.122258778189	873.372965745735	1025.86846573634	1178.36396572694	1315.61467269449	1490.20089909194	1625.47537043497
12	426.067767544201	560.679298615587	734.409929428702	870.988011176885	1022.73617571546	1174.48434025403	1311.06242200222	1484.79305281533	1619.40458388672
12.25	425.859860777347	559.81163560598	732.690780165844	868.599467239296	1019.60388569547	1170.60830415164	1306.51699122509	1479.39613578495	1613.34791061358
12.5	425.637929412674	558.933112021619	730.96485383964	866.207356484892	1016.47159567562	1166.73583486635	1301.97833751161	1474.01007932963	1607.30526193857
12.75	425.402063329434	558.043797464348	729.232193881766	863.81170177171	1013.33930565516	1162.86690953861	1297.44641742855	1468.63481384597	1601.27654798088
13	425.152356032367	557.143764343617	727.492845475933	861.412526879985	1010.20701563349	1159.001504387	1292.92118579105	1463.27026692337	1595.26167523462
13.25	424.888902425623	556.233086152598	725.746854482148	859.009855945953	1007.07472561017	1155.13959527439	1288.40259673819	1457.91636506774	1589.26054879472
13.5	424.611782677702	555.311824973258	723.994259639766	856.603709358207	1003.94243558476	1151.28116181132	1283.89061152976	1452.57304619627	1583.27308849183
13.75	424.321056048959	554.380026696417	722.235089584786	854.194102187897	1000.81014555688	1147.42618892587	1279.38520152898	1447.24026441735	1577.29923506481
14	424.01677711119	553.437733582096	720.469370687563	851.781048313736	997.677855526126	1143.57466273851	1274.88634036469	1441.91797747016	1571.33893394106
14.25	423.698988817132	552.484978892559	718.697123703766	849.364558659354	994.545565492009	1139.72657232466	1270.39400728025	1436.60615209146	1565.39214216689
14.5	423.367730056932	551.52179274403	716.918367425927	846.944643115179	991.413275454079	1135.88190779298	1265.90818348223	1431.30475816413	1559.45882085123
14.75	423.023023619539	550.548192784128	715.133112866228	844.521307476953	988.280985412233	1132.04066334751	1261.42885795824	1426.01377804034	1553.53894720493
15	422.664881619483	549.564188394318	713.34136587882	842.094554825835	985.148695366636	1128.20283590744	1256.95602485445	1420.73320233895	1547.63250911379
15.25	422.293319772464	548.569791744816	711.543134058094	839.664389158937	982.016405317561	1124.36842147619	1252.48967657703	1415.46301889031	1541.73949086266
15.5	421.908359922583	547.565019751687	709.738427959949	837.230816032126	978.884115265475	1120.53741449882	1248.029802571	1410.20321077926	1535.85987060837
15.75	421.510026896499	546.549891640672	707.927259581548	834.793841759823	975.751825210864	1116.7098086619	1243.57639084018	1404.95375878106	1529.99362352523
16	421.098355379171	545.524434271721	706.109645683821	832.353475163634	972.619535154164	1112.88559514469	1239.12942462451	1399.71463603661	1524.14071492916
16.25	420.673383657777	544.488677294322	704.285604768394	829.909725981306	969.487245095819	1109.06476421033	1234.68888542324	1394.48581289732	1518.30110653386
16.5	420.235157371595	543.442656051378	702.455158889589	827.462605820363	966.354955036202	1105.24730425204	1230.25475118282	1389.26725402103	1512.47475270081
16.75	419.783728135486	542.386410513241	700.61833298927	825.012127808048	963.222664975652	1101.43320214326	1225.82699696203	1384.05891943806	1506.66160181582
17	419.319150417444	541.319982859703	698.775153387988	822.558305797189	960.090374914454	1097.62244403172	1221.40559644092	1378.86076696921	1500.86159941146
17.25	418.841484385315	540.24341968447	696.925649160562	820.101155090158	956.958084852793	1093.81501461543	1216.99052054502	1373.67275002112	1495.07468532027
17.5	418.350790951186	539.156768157583	695.069849741447	817.640691178608	953.82579479085	1090.01089840309	1212.58173984025	1368.49482142412	1489.30079863051
17.75	417.847127827888	538.060072971578	693.207783019094	815.17692874048	950.693504728737	1086.21008071699	1208.17922643838	1363.3269364859	1483.53988162959
18	417.336862630163	536.958265173849	691.342525996521	812.711487224514	947.56121466657	1082.41094210863	1203.77990333662	1358.16416415929	1477.78556670298
