age	C0.4	C2	C10	C25	C50	C75	C90	C98	C99.6
6	367.079092800607	478.217013624802	650.451595631502	810.332155607984	1015.01686170906	1249.91202015995	1488.61799456204	1831.68491416625	2129.36286770875
6.25	370.076198462456	480.171757675924	650.72638649289	809.073374532908	1011.89934174354	1244.84623662064	1481.79086851574	1822.7133550908	2118.88802267471
6.5	373.022108677332	482.086011111932	650.977979430097	807.804687071408	1008.78359319982	1239.78847379858	1474.9714227347	1813.73984041871	2108.39654332138
6.75	375.911067347529	483.955227612221	651.204469138154	806.527350766006	1005.67569084668	1234.75112166801	1468.17908755155	1804.79468984984	2097.92872135741
7	378.741038266336	485.77784707484	651.405345896327	805.242200165319	1002.57862460256	1229.7400991019	1461.42311567079	1795.89237479342	2087.5038316913
7.25	381.514961505187	487.556264101709	651.581889543052	803.949392459327	999.491080284257	1224.75236853908	1454.69866088818	1787.0253068837	2077.11174537637
7.5	384.234387952541	489.291778331597	651.734909193644	802.649317235145	996.413000237814	1219.78745409468	1448.00487542726	1778.19211299683	2066.75058753424
7.75	386.901046417166	490.985851006883	651.865337642944	801.342436305368	993.344314060003	1214.844749207	1441.3406437241	1769.39093080933	2056.41778204149
8	389.516834210788	492.640095771603	651.974223896579	800.029278889938	990.284937817922	1209.92352058984	1434.70459073846	1760.61942194423	2046.11006714362
8.25	392.083954840717	494.256404500023	652.062829974627	798.710502840272	987.234780075626	1205.022839778	1428.09492741341	1751.87447792451	2035.82306712396
8.5	394.605013385251	495.837032427724	652.132693269244	797.386929946629	984.193735501413	1200.14152019297	1421.50932170582	1743.15198258155	2025.55094843496
8.75	397.082396571532	497.38403709921	652.18520954564	796.059305440122	981.161715869927	1195.27850924034	1414.94570115878	1734.44826670015	2015.28848929393
9	399.518120878886	498.899143298411	652.221535667354	794.728246295388	978.138668825576	1190.43300201318	1408.40247623905	1725.76050884245	2005.03165109752
9.25	401.914085220575	500.383970548061	652.24275552216	793.394332393198	975.12455494212	1185.60426761123	1401.87819619876	1717.08612169489	1994.77671153147
9.5	404.272032927887	501.840003700252	652.249867550734	792.058113310969	972.1193834581	1180.79172323163	1395.37166707433	1708.42294082899	1984.52052123427
9.75	406.593667772923	503.268694503282	652.243853175961	790.720137550785	969.123182348575	1175.99482650149	1388.88175624613	1699.76889038703	1974.26003871674
10	408.881872203276	504.67256384623	652.22650420906	789.381445123243	966.135973277706	1171.21235460953	1382.40587020638	1691.11916687334	1963.98827260249
10.25	411.140681628344	506.055175339684	652.200401761127	788.043555024042	963.157771674053	1166.442417922	1375.93997847449	1682.46626852374	1953.69430463962
10.5	413.374550270903	507.420468336885	652.168413544578	786.708164600759	960.188598634788	1161.68289024753	1369.47952240338	1673.80166933624	1943.36568976944
10.75	415.589099640871	508.773436337911	652.13420935705	785.377467191655	957.228491734811	1156.93100441728	1363.01852847346	1665.11414497495	1932.98601739272
11	417.790103306674	510.119202442317	652.101556256925	784.053717882368	954.277491375875	1152.18390563237	1356.55081522616	1656.39203441632	1922.53818308992
11.25	419.984145187532	511.463614477531	652.074768145668	782.739507272366	951.335642868525	1147.4382869339	1350.06920378025	1647.6217577084	1912.00223416243
11.5	422.178040072572	512.812717929185	652.058305098154	781.437516681296	948.402994671487	1142.6907162801	1343.56622528732	1638.78913939724	1901.35728466241
11.75	424.37796265141	514.171972947607	652.056191757775	780.150180520598	945.479639542401	1137.93819125972	1337.03527312805	1629.88153726699	1890.58459254887
12	426.589382987425	515.546198180853	652.071976940878	778.879664654038	942.565723557942	1133.17819313848	1330.47071386454	1620.88805498348	1879.66787945127
12.25	428.816655578423	516.939192246253	652.108429933375	777.627655268392	939.661382366044	1128.40882876653	1323.868275303	1611.80034539726	1868.59454984332
12.5	431.061109148619	518.352009041087	652.166231302835	776.39455017046	936.766710744917	1123.62986154747	1317.22732263008	1602.61694533254	1857.36205140354
12.75	433.32312034318	519.784838332618	652.245400804185	775.180334883688	933.881781998526	1118.84157229145	1310.54837639303	1593.3386090639	1845.97109698146
13	435.600038281782	521.235125437763	652.343853783069	773.983664895625	931.006547937908	1114.04577503764	1303.83543865699	1583.97280453643	1834.43230074615
13.25	437.887564219749	522.698830377125	652.458370481825	772.802477420396	928.140891949403	1109.24511145243	1297.09440609298	1574.53069163409	1822.76177032365
13.5	440.180831360288	524.171416163056	652.585366604844	771.634493472098	925.284709953952	1104.44255651426	1290.33190280667	1565.02485039281	1810.97775858747
13.75	442.474140676693	525.64761483437	652.720721178387	770.477116713252	922.437916772034	1099.64156930596	1283.55559971075	1555.46988014115	1799.10154124308
14	444.761979787093	527.122344344816	652.860465505642	769.327848062129	919.600434194364	1094.84549946131	1276.77293895204	1545.87999751591	1787.15390838152
14.25	447.039323866822	528.59098020532	653.000991354933	768.184417804519	916.772203912779	1090.05743537027	1269.99078597446	1536.26835878063	1775.15415730028
14.5	449.30140342873	530.049144024885	653.138887986255	767.044681386464	913.953173952522	1085.28031234971	1263.21567803345	1526.64753583126	1763.12078832039
14.75	451.543688148031	531.492689335158	653.270933519412	765.906617441893	911.143306150612	1080.51693112982	1256.4538532224	1517.0295583144	1751.07155590963
15	453.761867571373	532.917682946665	653.394079527575	764.768316778301	908.342571600807	1075.7699608118	1249.71126037311	1507.42593135655	1739.02349071674
15.25	455.952421714341	534.320910652696	653.505821954294	763.62819614168	905.550922965065	1071.0415825073	1242.9928153513	1497.84624515905	1726.99086483015
15.5	458.113066217205	535.700270129402	653.60448949577	762.4851668353	902.768280216109	1066.33322616576	1236.30184334882	1488.29712172616	1714.98363990726
15.75	460.241828040955	537.053944223254	653.68862853631	761.338270626047	899.994553606303	1061.64611882111	1229.64124189913	1478.7843937746	1703.01064685315
16	462.337360357209	538.380677195163	653.757201976655	760.186790026126	897.229619193492	1056.98107748511	1223.01305860747	1469.31232218526	1691.07844244009
16.25	464.398534428234	539.679412189715	653.809324127175	759.030097909916	894.473344757444	1052.33877377746	1216.41903480073	1459.8846003767	1679.19276743688
16.5	466.42419086507	540.949073140496	653.844106078829	757.867576513604	891.725621162648	1047.71991694081	1209.86096571089	1450.50500750589	1667.35948933535
16.75	468.413155065782	542.188578007401	653.860664529909	756.698621224571	888.986358436353	1043.12523931874	1203.34067323592	1441.17735949443	1655.58453125721
17	470.364066440318	543.396686998567	653.858008902212	755.522572650744	886.255486448147	1038.55558985935	1196.86020830949	1431.9058925128	1643.87443568529
17.25	472.275125958937	544.571781590497	653.834882840665	754.33862916205	883.532975015537	1034.01209922147	1190.42218601353	1422.69588153097	1632.23726614333
17.5	474.144642828835	545.712346676726	653.790114597825	753.146045246075	880.818800238129	1029.49583175949	1184.0290680504	1413.5523063366	1620.6806583449
17.75	475.971557226434	546.817434447694	653.722962575705	751.944341421143	878.112947773535	1025.0075084816	1177.68255506826	1404.47868909897	1609.21010044947
18	477.764003414629	547.893677690896	653.637177889575	750.734098760556	875.411340423625	1020.53695165813	1171.36548971314	1395.44649924834	1597.78590808414
