age	C0.4	C2	C10	C25	C50	C75	C90	C98	C99.6
6	778.277998485677	932.590595317447	1131.74756631851	1288.31452828024	1462.27178995037	1636.2290516205	1792.79601358223	1991.9529845833	2146.26558141507
6.25	771.482329740441	924.708516333341	1122.46335829971	1277.92803856807	1450.66058525002	1623.39313193198	1778.85781220034	1976.61265416671	2129.83884075961
6.5	764.697003369523	916.83444642951	1113.18414799474	1267.54417918841	1439.04938054967	1610.55458191092	1764.91461310459	1961.26431466982	2113.40175772981
6.75	757.95750444918	908.995865062365	1103.92708274826	1257.17197491132	1427.43817584927	1597.70437678722	1750.94926895028	1945.88048663617	2096.91884724936
7	751.309039212073	901.227779700692	1094.71400742945	1246.82292284756	1415.82697114873	1584.83101944989	1736.939934868	1930.42616259676	2080.34490308538
7.25	744.808136885398	893.573966280666	1085.57223848344	1236.51139983737	1404.21576644782	1571.92013305828	1722.85929441221	1914.85756661498	2063.62339601025
7.5	738.512474535671	886.07908961919	1076.52964702218	1226.25207464609	1392.60456174632	1558.95704884654	1708.67947647045	1899.13003387344	2046.69664895696
7.75	732.485751065816	878.792477811586	1067.61701407115	1216.06114754733	1380.99335704388	1545.92556654043	1694.3697000166	1883.19423627617	2029.50096302194
8	726.799136412284	871.769244482247	1058.86873086045	1205.95671889115	1369.38215234016	1532.80758578916	1679.89557381986	1866.99506019806	2011.96516826803
8.25	721.53921967427	865.0764437741	1050.32663957495	1195.96081051843	1357.77094763484	1519.58108475125	1665.21525569473	1850.46545149558	1994.00267559541
8.5	716.812075243795	858.796219138369	1042.0419982179	1186.10039988257	1346.15974292768	1506.21908597279	1650.27748763746	1833.52326671699	1975.50741061157
8.75	712.708259090455	852.998696641586	1034.05856587285	1176.39851770198	1334.54853821849	1492.69855873499	1635.03851056412	1816.09837979539	1956.38881734652
9	709.291536250459	847.733255592414	1026.40715552284	1166.87138106989	1322.93733350724	1479.00328594459	1619.46751149163	1798.14141142206	1936.58313076401
9.25	706.613542202658	843.039882234097	1019.11271882205	1157.53212222025	1311.32612879393	1465.12013536761	1603.53953876581	1779.61237535376	1916.0387153852
9.5	704.701964837041	838.940017923025	1012.18863530473	1148.38778289761	1299.7149240786	1451.0420652596	1587.24121285247	1760.48983023418	1894.72788332016
9.75	703.566640564789	835.441279924291	1005.63965818973	1139.44086475504	1288.10371936129	1436.76657396754	1570.56778053285	1740.76615879829	1872.64079815779
10	703.106023327459	832.465031504328	999.416717686461	1130.66554201099	1276.49251464204	1422.31948727308	1553.56831159761	1720.51999777975	1849.87900595662
10.25	703.115364893254	829.852716709323	993.420873934374	1122.00974190961	1264.88130992089	1407.75287793217	1536.34174590741	1699.90990313246	1826.64725494853
10.5	703.345742337217	827.411570935441	987.531840671403	1113.41015693138	1253.27010519803	1393.13005346467	1519.00836972465	1679.12863946062	1803.19446805884
10.75	703.432141831515	824.858929394322	981.57323338444	1104.77395464641	1241.65890047396	1378.54384630152	1501.74456756348	1658.4588715536	1779.88565911641
11	703.020843161001	821.920873011901	975.374124938294	1096.01117488185	1230.04769574935	1364.08421661685	1484.7212665604	1638.1745184868	1757.0745483377
11.25	701.814412366384	818.36707049469	968.790787232878	1087.04617251168	1218.4364910252	1349.82680953872	1468.08219481752	1618.50591155571	1735.05856968402
11.5	699.552582349757	813.995972371221	961.697452196722	1077.81275490137	1206.82528630271	1335.83781770405	1451.9531204087	1599.6546002342	1714.09799025566
11.75	696.042242729116	808.658034977605	954.000803692368	1068.26180910129	1195.21408158308	1322.16635406487	1436.42735947378	1581.77012818855	1694.38592043704
12	691.158412927712	802.256474012808	945.640447739337	1058.36154932831	1183.60287686746	1308.8442044066	1421.56530599557	1564.9492797221	1676.0473408072
12.25	684.810511899868	794.721143991707	936.572613137073	1048.08893848719	1171.9916721569	1295.89440582662	1407.41073117674	1549.2622003221	1659.17283241394
12.5	677.003113873543	786.05558717254	926.79951027611	1037.4451399226	1160.38046745215	1283.3157949817	1393.96142462819	1534.70534773176	1643.75782103076
12.75	667.755361833984	776.274627782544	916.330389562873	1026.43502218989	1148.76926275383	1271.10350331777	1381.20813594479	1521.26389772511	1629.78316367367
13	657.128661071147	765.4258177554	905.194923687674	1015.07420223829	1137.1580580624	1259.24191388651	1369.12119243713	1508.8902983694	1617.18745505365
13.25	645.204040945838	753.571905802024	893.432268220392	1003.38328792431	1125.54685337822	1247.71041883213	1357.66143853604	1497.52180095441	1605.8896658106
13.5	632.079666103634	740.788910107726	881.089858962041	991.387245049272	1113.93564870162	1236.48405235397	1346.7814384412	1487.08238729551	1595.79163129961
13.75	617.886139415192	727.177968848723	868.230806737755	979.119289291789	1102.324444033	1225.52959877421	1336.41808132824	1477.47091921727	1586.7627486508
14	602.746663181322	712.834489238847	854.914646217939	966.610754174626	1090.71323937266	1214.81572457069	1326.51183252738	1468.59198950647	1578.679815564
14.25	586.758258055613	697.833603561982	841.188260395747	953.886314552278	1079.10203472071	1204.31775488915	1317.01580904568	1460.37046587944	1571.44581138581
14.5	570.009132416486	682.243619922448	827.094273935566	940.968404090327	1067.49083007719	1194.01325606404	1307.88738621881	1452.73804023192	1564.97252773789
14.75	552.562547127256	666.113527200006	812.663256190345	927.873111657615	1055.87962544177	1183.88613922593	1299.0959946932	1445.64572368354	1559.19670375629
15	534.464655879743	649.479066570738	797.917509866867	914.612175327906	1044.26842081395	1173.9246663	1290.61933176104	1439.05777505717	1554.07218574816
15.25	515.764518466656	632.378229679966	782.880741978136	901.198072271366	1032.65721619319	1164.11636011502	1282.43369040825	1432.93620270642	1549.54991391973
15.5	496.51725408355	614.853700542713	767.579587603831	887.644820720584	1021.04601157898	1154.44720243738	1274.51243555413	1427.23832261525	1545.57476907441
15.75	476.792043066516	596.95905204727	752.047476545469	873.970015018822	1009.43480697078	1144.89959892274	1266.82213739609	1421.91056189429	1542.07757087504
16	456.717419773775	578.79382052448	736.346520066746	860.206344767884	997.823602367984	1135.44085996808	1259.30068466922	1416.85338421149	1538.92978496219
16.25	436.446716415683	560.476745631444	720.550812421428	846.39280630289	986.212397769955	1126.03198923702	1251.87398311848	1411.94804990847	1535.97807912423
16.5	416.126940070931	542.121668876511	704.731391389157	832.566787314659	974.601193175793	1116.63559903693	1244.47099496243	1407.08071747508	1533.07544628066
16.75	395.900393338863	523.838788643927	688.957021418349	818.764479023448	962.989988584425	1107.2154981454	1237.0229557505	1402.14118852492	1530.07958382999
17	375.862288837975	505.701837084457	673.27371181032	805.010096452963	951.378783994837	1097.74747153671	1229.48385617935	1397.05573090522	1526.8952791517
17.25	355.993108014724	487.695699132732	657.672030673893	791.298675531114	939.76757940632	1088.23648328153	1221.86312813875	1391.83945967991	1523.54205079792
17.5	336.250793041407	469.787805428043	642.131654533555	777.619519867158	928.156374818244	1078.69322976933	1214.18109510293	1386.52494420844	1520.06195659508
17.75	316.559405191517	451.919349419924	626.615887751087	763.953316284255	916.545170230344	1069.13702417643	1206.4744527096	1381.17099104076	1516.53093526917
18	296.862714394171	434.046786837196	611.097558441597	750.285764025085	904.933965642493	1059.5821672599	1198.77037284339	1375.82114444779	1513.00521689081
