age	C0.4	C2	C10	C25	C50	C75	C90	C98	C99.6
6	217.638209085693	297.562625064512	400.713663425456	481.805701621219	571.904843426325	662.003985231431	743.096023427194	846.247061788138	926.171477766957
6.25	219.017113708161	298.733083148199	401.615098875013	482.495645319756	572.35980443495	662.223963550143	743.104509994886	845.9865257217	925.702495161738
6.5	220.395573931113	299.903197091247	402.516319578771	483.185475996061	572.814765443609	662.444054891156	743.113211308446	845.726333795971	925.233956956104
6.75	221.77206576706	301.071786725785	403.416589104989	483.874806060898	573.26972645242	662.664646843942	743.122863799852	845.467666179056	924.76738713778
7	223.145838320786	302.238270562515	404.31554460089	484.563444542278	573.724687461423	662.885930380568	743.133830321955	845.211104360331	924.30353660206
7.25	224.517217495672	303.402900979272	405.213343551697	485.251474325731	574.179648470477	663.107822615224	743.145953389257	844.956395961682	923.842079445282
7.5	225.886212072219	304.565684775608	406.109990200335	485.938897644294	574.634609479489	663.330321314684	743.159228758643	844.70353418337	923.383006886759
7.75	227.252828556383	305.726626989717	407.005487690694	486.625716152656	575.089570488532	663.553424824408	743.17365328637	844.452513987348	922.926312420682
8	228.617073632565	306.885732798017	407.899839252981	487.311931551009	575.544531497844	663.777131444679	743.189223742707	844.203330197671	922.471989363123
8.25	229.978951559946	308.043005498915	408.793046945616	487.997544922962	575.999492507947	664.001440092932	743.205938070278	843.955979516979	922.020033455948
8.5	231.33846467449	309.19844690157	409.685111897863	488.68255686328	576.454453519738	664.226350176197	743.223795141613	843.710460137907	921.570442364987
8.75	232.695617705859	310.35206066886	410.576036395799	489.366968575668	576.909414534331	664.451860492995	743.242792672863	843.466768399803	921.123211362804
9	234.050420667998	311.503854555892	411.46582527926	490.050782608126	577.36437555333	664.677968498534	743.2629258274	843.224896550768	920.678330438662
9.25	235.402884334842	312.653836906316	412.354483755351	490.734001701971	577.819336578379	664.904671454786	743.284189401406	842.984836250441	920.235788821915
9.5	236.753020105398	313.802016547799	413.242017333149	491.416628757375	578.274297610967	665.131966464559	743.306577888785	842.746578674134	919.795575116536
9.75	238.100839371038	314.948402302083	414.12843151801	492.098666672522	578.729258652523	665.359850632524	743.330085787036	842.510115002964	919.357677934008
10	239.446348383994	316.092999011168	415.013729331884	492.78011703853	579.184219704407	665.588322370283	743.354710076929	842.275440397645	918.922091024819
10.25	240.789548208348	317.235807499367	415.897911289631	493.460980126985	579.639180767909	665.817381408832	743.380450246186	842.042554036451	918.488813327469
10.5	242.13043949683	318.376828272473	416.780977707409	494.141256104963	580.094141844465	666.047027583966	743.40730598152	841.811455416456	918.057844192099
10.75	243.46902237487	319.516061428032	417.662928646777	494.820945005732	580.549102935907	666.277260866082	743.435277225037	841.582144443782	917.629183496944
11	244.805297096738	320.653507163384	418.543764231599	495.500046895393	581.004064044161	666.508081192929	743.464363856723	841.354620924938	917.202830991584
11.25	246.139265365278	321.789166797693	419.423485285859	496.178562208646	581.4590251714	666.739488134154	743.494565056941	841.128883545107	916.778784977522
11.5	247.470929505503	322.923042131948	420.302092934238	496.856491538492	581.913986319892	666.971481101293	743.525879705547	840.904930507837	916.357043134282
11.75	248.800289257482	324.055132965236	421.17958705199	497.533834820064	582.368947491303	667.204060162541	743.558307930615	840.682762017369	915.937605725123
12	250.127341242915	325.185436681631	422.055966007114	498.210591194873	582.823908686566	667.437226178259	743.591851366019	840.462380691502	915.520476130218
12.25	251.452080753383	326.313949635047	422.931227524584	498.886759465748	583.278869906089	667.67098034643	743.626512287595	840.243790177132	915.105659058796
12.5	252.774499216048	327.440665186462	423.80536746117	499.562337451525	583.733831148704	667.905324845884	743.662294836238	840.026997110946	914.69316308136
12.75	254.094588063167	328.565576700725	424.67838167594	500.237322972096	584.188792412922	668.140261853749	743.699203149904	839.81200812512	914.282996762678
13	255.412345636632	329.688682893474	425.550269366891	500.911715604665	584.643753697275	668.375791789884	743.737238027658	839.598824501075	913.875161757917
13.25	256.727774264566	330.809985567265	426.421031658279	501.585515940242	585.098715000296	668.61191406035	743.776398342313	839.387444433327	913.469655736026
13.5	258.040878276464	331.929488074435	427.290670641314	502.258725078605	585.55367632021	668.848627561815	743.816681999107	839.177864565986	913.066474363956
13.75	259.351664835811	333.047195961844	428.159189776426	502.931344839943	586.008637654778	669.085930469613	743.85808553313	838.970079347712	912.665610473745
14	260.660141700345	334.163115236482	429.026592811079	503.603377195392	586.463599001509	669.323820807626	743.900605191939	838.764082766536	912.267056302673
14.25	261.966318181093	335.277253108003	429.892884242878	504.274824510486	586.918560357051	669.562296203616	743.944236471224	838.5598676061	911.870802533009
14.5	263.27020400419	336.389617107479	430.758068769933	504.945689256206	587.373521717881	669.801354179556	743.988974665829	838.357426328283	911.476839431572
14.75	264.571809660833	337.500215358587	431.622151460379	505.615974098576	587.828483081106	670.040992063637	744.034814701834	838.156750803626	911.08515650138
15	265.871146149898	338.609056378244	432.485137627901	506.285681833067	588.283444444277	670.281207055486	744.081751260653	837.95783251031	910.695742738656
15.25	267.16822481329	339.71614894914	433.347032752247	506.954815342824	588.738405805521	670.521996268219	744.129778858796	837.760662661902	910.308586797753
15.5	268.463057625953	340.821502344417	434.20784261959	507.623377672742	589.193367163982	670.763356655222	744.178891708373	837.565231983547	909.92367670201
15.75	269.755656213428	341.925125566692	435.067572847389	508.291371779042	589.648328519048	671.005285259054	744.229084190707	837.371531471403	909.541000824668
16	271.046030423787	343.02702624229	435.926228194558	508.958800166432	590.103289870839	671.247779575246	744.28035154712	837.179553499387	909.16054931789
16.25	272.334189596042	344.127211603368	436.783813174137	509.625665210319	590.558251219698	671.490837229078	744.332689265259	836.989290836029	908.782312843355
16.5	273.62014425961	345.22568980393	437.640332874402	510.29196958886	591.013212565968	671.734455543075	744.386092257533	836.800735328005	908.406280872326
16.75	274.903905905983	346.322469743002	438.495792848524	510.957716224891	591.468173909984	671.978631595078	744.440554971445	836.613878076967	908.032441913986
17	276.185485719758	347.417560081968	439.35019850141	511.62290796324	591.923135252149	672.223362541059	744.496072002889	836.428710422331	907.66078478454
17.25	277.464894250872	348.510968990762	440.203554931348	512.287547487428	592.378096592997	672.468645698567	744.552638254647	836.245224195232	907.291298935123
17.5	278.742141709446	349.60270437617	441.055867072416	512.951637394542	592.833057933051	672.714478471559	744.610248793685	836.063411489931	906.923974156655
17.75	280.017236281909	350.692772577795	441.907138880694	513.615179766859	593.288019272656	672.960858778452	744.668899664617	835.883265967516	906.558802263402
18	281.291234280612	351.781991598439	442.757880794929	514.278443252092	593.742980612132	673.207517972171	744.728080429335	835.703969625824	906.194726943652
