age	C0.4	C2	C10	C25	C50	C75	C90	C98	C99.6
6	1485.73228054028	1633.02353093942	1861.78060799376	2081.13308351761	2379.14197212074	2754.11770065752	3182.48224944736	3908.89177696107	4680.9064259308
6.25	1365.76433401262	1503.03195374079	1716.23027941026	1920.61573475856	2198.12990814633	2546.93402955867	2944.73457363527	3617.37867922664	4329.25720714122
6.5	1250.02368714825	1377.40738065585	1575.25990501695	1764.8852424229	2022.20153868371	2345.25121590175	2713.04807860678	3333.14600839295	3986.64492191158
6.75	1149.17847567024	1267.93224122277	1452.38422867798	1629.11796691272	1868.78926670377	2169.33467562402	2510.91220761158	3085.10784073192	3687.67179619005
7	1066.60639698498	1178.3948998639	1352.03035327118	1518.35237206569	1743.75711164493	2026.07419677348	2346.36485233586	2883.17655960977	3444.12382419785
7.25	994.353645768629	1100.06822164056	1264.27006062656	1421.50814395822	1634.45836137832	1900.849271115	2202.5254546509	2706.62211787773	3231.14924465176
7.5	928.814762617225	1028.997750014	1184.60701814477	1333.56937984354	1535.17102562637	1787.0486407335	2071.76492490277	2546.08159990497	3037.52591400389
7.75	875.71966545512	971.565348994986	1120.4358760871	1262.89949523275	1455.56705711947	1695.97295766494	1967.21408970576	2417.70223057985	2882.47344230884
8	838.856432943923	932.034000268481	1076.75729807287	1215.20331015725	1402.29819034356	1635.44319894235	1897.99246333233	2332.70185779143	2779.28608252595
8.25	812.974456253667	904.63715328109	1047.00330259123	1183.14397242995	1366.98213367739	1595.76004972746	1852.89410535482	2277.31537825118	2711.47453163799
8.5	783.004605603532	872.633886082958	1011.83638221644	1144.90004999429	1324.44074235858	1547.56248558548	1797.84745035363	2209.67063193966	2629.14888236123
8.75	740.736957429452	826.836242349007	960.549820751883	1088.31463231714	1260.56467985264	1474.32402240128	1713.62908376834	2106.14367154914	2504.25182413773
9	689.618798091831	771.028646077368	897.45204804767	1018.19957040624	1180.85173264932	1382.40895967397	1607.59714895224	1975.78297651223	2347.62554573363
9.25	635.347256891756	711.536932304831	829.84565780265	942.792483244235	1094.80444419354	1282.89843891647	1492.61327799556	1834.40226127414	2178.11641142344
9.5	589.075523018609	660.848399908485	772.289794574823	878.630988225538	1021.6243045926	1198.29203444579	1394.8564966774	1714.18044499419	2033.93671550892
9.75	561.066166246945	630.536245243887	738.392355893193	841.262292227428	979.460133761319	1149.93980000542	1339.21793736955	1645.70696507181	1951.30603092445
10	550.319189371695	619.57964819366	727.099382733868	829.596426295009	967.162251635163	1136.59488618032	1324.30668955258	1627.26627879241	1928.06289735479
10.25	547.061776374841	617.060415110107	725.713777548713	829.236623492983	968.043006590157	1138.72837379024	1327.41626407999	1630.94981375699	1931.03744782686
10.5	549.279472458905	620.750104337683	731.674397460839	837.302560104679	978.788828000014	1152.48349445326	1344.07401733214	1651.25718111835	1953.66589605105
10.75	575.442232239552	651.600782434361	769.784516493236	882.260715910859	1032.76316448606	1217.21624476227	1420.21802810254	1744.61394220114	2062.61637825663
11	646.984235012991	734.100302438271	869.267593269538	997.82998330169	1169.67303992596	1379.919710577	1610.78364350472	1978.46823448331	2337.38330558274
11.25	739.651325160608	841.002233726222	998.230057774358	1147.68158050213	1347.22617869609	1590.9378714138	1857.9327904474	2281.73000629484	2693.67469067418
11.5	784.736808259442	894.191085377241	1063.95945851443	1225.22634897917	1440.30266353255	1702.51463234046	1989.10757143061	2442.47316922787	2881.30444382299
11.75	747.833153702763	854.036312590153	1018.73017858809	1175.07080823201	1383.33414866111	1636.77720321222	1913.13162817009	2348.81396013395	2768.75773216067
12	665.542546210933	761.804015301087	911.049711889137	1052.62596520779	1240.99544110845	1469.80262524499	1718.69723153442	2109.74715509194	2485.09150121583
12.25	579.43328380081	664.811724419267	797.15443809379	922.60441171245	1089.31187656921	1291.42265656632	1510.7445022482	1854.14808131615	2182.38207407748
12.5	521.775157219972	600.122618522623	721.53754963578	836.541286674162	989.173311168998	1173.86142839951	1373.7853567333	1685.73693104156	1982.66541628907
12.75	511.398925521938	589.675428686346	710.949096402848	825.728149960296	977.863494640454	1161.587385803	1359.97371025778	1668.45381043412	1960.85755760654
13	537.177484852313	621.018734699004	750.878026787381	873.681866216014	1036.23575864994	1232.14651426007	1443.16065334936	1770.13508505986	2078.78495712158
13.25	573.285276113065	664.554118303015	805.876176756878	939.405826260424	1115.91402514659	1328.20628429242	1556.28332353436	1908.46331370771	2239.53283547512
13.5	598.260738558473	695.446591029838	845.883421425138	987.899115136675	1175.35914341829	1400.3521915129	1641.45242805002	2012.43707576394	2359.748144418
13.75	601.140548903662	700.819663421161	855.064355520792	1000.54052873972	1192.28921409276	1421.93926149265	1667.38938472629	2043.73886877163	2394.62674915649
14	578.030225354739	675.901508006082	827.29496055461	969.945278385746	1157.68841737354	1382.05300816077	1621.22279293184	1986.64841094615	2325.95854099471
14.25	544.712286774097	638.926410239113	784.607771877014	921.739399512019	1101.94237680537	1316.81964514535	1545.26635476629	1893.07252957439	2214.70699937367
14.5	518.61927354225	610.286917735608	751.973976359133	885.208018967	1060.01319885188	1267.98432469595	1488.49373575322	1823.02334821926	2131.12514070577
14.75	507.902147792288	599.682112782376	741.482569857203	874.680296476592	1049.15480167391	1256.25604484197	1475.24576120102	1806.28679166456	2109.94355359755
15	516.302881190282	611.72795250328	759.093803044851	897.365192889401	1078.18433518202	1292.31489775736	1518.11489800983	1858.23207810971	2168.95872542168
15.25	540.636686320372	642.883928264625	800.710104060333	948.625113752671	1141.72481251683	1369.85391464922	1609.74694751255	1969.79868142114	2297.41925056762
15.5	562.0173490851	670.832884410704	838.713007180818	995.861767574217	1200.65586799014	1442.01429991514	1695.10637534911	2073.60544860016	2416.63783106627
15.75	561.764850859774	673.170521153645	844.954980257313	1005.55810560204	1214.47662836492	1460.08818167373	1716.90976660977	2099.60531102643	2445.06363306294
16	544.005031905997	654.563966902382	824.946558128255	984.032919756038	1190.59527564344	1432.82669790828	1685.38838415236	2060.38022539369	2397.54649133375
16.25	520.004958409072	628.366247521734	795.262359151686	950.883962441442	1152.56340625257	1388.46387525295	1633.71314640287	1996.53349964141	2321.47280490197
16.5	490.469449747135	595.327951835017	756.727202122966	907.013210340649	1101.39764614202	1328.17344394479	1563.24782567166	1909.75810864717	2218.87552354381
16.75	449.190421200054	547.775011260986	699.4161408635	840.411203471243	1022.41276011993	1234.17976845991	1453.04884232729	1774.50349434205	2060.15228671927
17	397.646089247308	487.293454960763	625.090226108672	753.019896289464	917.816092481799	1109.0469885905	1306.10294105807	1594.4710191693	1849.7258304958
17.25	347.571827877748	428.116662144026	551.829622808419	666.504216731356	813.913087341929	984.498394041737	1159.75181177704	1415.28333625766	1640.60046502775
17.5	306.457073096413	379.507193765788	491.620169399251	595.373240735072	728.453305005631	882.027172996856	1039.32533031467	1267.84325808199	1468.56850453455
17.75	273.088469978069	340.097882897988	442.854194103393	537.78753462186	659.283222343651	799.090712905939	941.850644507473	1148.4933803608	1329.31195063004
18	242.978275801053	304.397766248297	398.498568098654	485.28213473337	596.092821319638	723.236146639305	852.663455177885	1039.3247830849	1202.03939268504
