age	C0.4	C2	C10	C25	C50	C75	C90	C98	C99.6
6	1197.76138092293	1460.87664446528	1800.45513635191	2067.4142719272	2364.02525307309	2660.63623421899	2927.59536979427	3267.17386168091	3530.28912522326
6.25	1195.12623074202	1457.6417778505	1796.44627130226	2062.79692913808	2358.7318473393	2654.66676554052	2921.01742337634	3259.82191682809	3522.33746393657
6.5	1192.48996200606	1454.40604503255	1792.43686573662	2058.1793018715	2353.43844160541	2648.69758133932	2914.4400174742	3252.47083817827	3514.38692120475
6.75	1189.84873883188	1451.1664755236	1788.42506605277	2053.56041456318	2348.1450358711	2642.72965717902	2907.86500568944	3245.1235962186	3506.44133291033
7	1187.2006689759	1447.92160398011	1784.40995786745	2048.93978596652	2342.851630136	2636.76347430548	2901.29330240456	3237.7816562919	3498.5025912961
7.25	1184.54656863211	1444.67206245826	1780.39193558729	2044.31762366029	2337.55822439957	2630.79882513886	2894.72451321185	3230.44438634088	3490.56988016704
7.5	1181.88645801717	1441.41786661362	1776.37100898124	2039.69393278566	2332.26481866122	2624.83570453679	2888.15862834121	3223.11177070882	3482.64317930527
7.75	1179.22035885544	1438.15903326922	1772.34718854666	2035.06871886709	2326.97141292014	2618.87410697318	2881.59563729362	3215.78379257106	3474.72246698484
8	1176.54829329239	1434.89557957423	1768.32048498443	2030.44198753617	2321.67800717553	2612.91402681489	2875.03552936663	3208.46043477683	3466.80772105867
8.25	1173.87027261411	1431.62751426839	1764.290903748	2025.8137416628	2316.38460142682	2606.95546119083	2868.47829910563	3201.14168858524	3458.89893023953
8.5	1171.18629667544	1428.35483723925	1760.25844476707	2021.18398120984	2311.0911956737	2600.99841013756	2861.92394658032	3193.82755410815	3450.99609467195
8.75	1168.49636219038	1425.07754594208	1756.22310645368	2016.55270534147	2305.79778991603	2595.04287449059	2855.37247337838	3186.51803388998	3443.09921764168
9	1165.80045898974	1421.79563250199	1752.18488389391	2011.91991147157	2300.50438415405	2589.08885683654	2848.82388441419	3179.21313580611	3435.20830931837
9.25	1163.09857793307	1418.50908984073	1748.14377267102	2007.2855972757	2295.21097838804	2583.13635950037	2842.27818410505	3171.91286693535	3427.323378843
9.5	1160.39072101153	1415.21791950024	1744.09977374723	2002.64976326035	2289.9175726181	2577.18538197584	2835.73537148897	3164.61722573595	3419.44442422467
9.75	1157.67689487633	1411.92212663124	1740.05289033663	1998.01241111716	2284.62416684432	2571.23592257148	2829.195443352	3157.3262070574	3411.5714388123
10	1154.95711116697	1408.62172024716	1736.0031280635	1993.37354380598	2279.33076106621	2565.28797832644	2822.65839406892	3150.03980188526	3403.70441096544
10.25	1152.23138659557	1405.31671328954	1731.95049500302	1988.73316557635	2274.03735528272	2559.3415449891	2816.12421556243	3142.7579972759	3395.84332396988
10.5	1149.49973917264	1402.00711970537	1727.89499985774	1984.09128100791	2268.74394949265	2553.39661797738	2809.59289912755	3135.48077927992	3387.98815981265
10.75	1146.76218984795	1398.69295571767	1723.83665275032	1979.44789542752	2263.45054369435	2547.45319196118	2803.06443463837	3128.20813167102	3380.13889754074
11	1144.01875945022	1395.37423745571	1719.77546374492	1974.80301413123	2258.15713788621	2541.51126164118	2796.5388120275	3120.9400383167	3372.29551632219
11.25	1141.26946456455	1392.05097776263	1715.71144085524	1970.15664133614	2252.86373206697	2535.5708227978	2790.01602327871	3113.67648637131	3364.45799956939
11.5	1138.51431979797	1388.72318794981	1711.64459113927	1965.50878075643	2247.57032623562	2529.63187171481	2783.49606133197	3106.41746452143	3356.62633267327
11.75	1135.75334146644	1385.39088065215	1707.57492248112	1960.85943654135	2242.27692039172	2523.6944042421	2776.97891830233	3099.1629601313	3348.800499317
12	1132.98654796771	1382.05407011685	1703.50244377127	1956.20861337024	2236.98351453572	2517.7584157012	2770.46458530016	3091.91295895459	3340.98048110373
12.25	1130.21396123888	1378.71277333202	1699.42716561061	1951.55631682267	2231.69010866812	2511.82390051358	2763.95305172563	3084.66744400422	3333.16625609736
12.5	1127.43561450971	1375.36701603081	1695.34910405712	1946.90255535048	2226.39670278984	2505.8908502292	2757.44430152256	3077.42638954887	3325.35779106998
12.75	1124.65154441176	1372.01682658074	1691.26827681266	1942.24733827077	2221.10329690184	2499.95925553291	2750.93831699102	3070.18976722294	3317.55504939191
13	1121.86180009919	1368.66224304667	1687.18470763021	1937.59067808524	2215.80989100487	2494.0291039245	2744.43507437954	3062.95753896308	3309.75798191056
13.25	1119.06643761079	1365.30330882492	1683.09842358959	1932.93258904653	2210.5164850996	2488.10038115268	2737.93454660962	3055.72966137429	3301.96653258842
13.5	1116.2655084632	1361.94006380986	1679.00944958537	1928.27308425712	2205.22307918671	2482.1730741163	2731.43670878806	3048.50609456357	3294.18064991022
13.75	1113.45905765056	1358.57254284487	1674.91780736033	1923.61217516079	2199.92967326699	2476.24717137318	2724.94153917364	3041.28680368911	3286.40028888342
14	1110.64712430475	1355.20077623365	1670.82351582442	1918.9498717103	2194.63626734112	2470.32266297193	2718.44901885781	3034.07175844858	3278.62541037748
14.25	1107.82972697142	1351.82477833794	1666.72658393959	1914.28617862258	2189.3428614095	2464.39954419642	2711.95913887941	3026.86094448107	3270.85599584758
14.5	1105.00687835043	1348.44455899251	1662.62701784295	1909.62109912779	2184.04945547248	2458.47781181717	2705.47189310201	3019.65435195244	3263.09203259452
14.75	1102.17858295898	1345.06012169556	1658.52481971754	1904.95463437508	2178.75604953049	2452.5574646859	2698.98727934344	3012.45197736542	3255.333516102
15	1099.34483973426	1341.67146562419	1654.41998905006	1900.28678409457	2173.46264358406	2446.63850307355	2692.50529811806	3005.25382154393	3247.58044743386
15.25	1096.50564791004	1338.27859018515	1650.31252547055	1895.6175480918	2168.16923763378	2440.72092717575	2686.02594979701	2998.05988508241	3239.83282735751
15.5	1093.66100737016	1334.88149528864	1646.20242892323	1890.94692633777	2162.87583168034	2434.80473702291	2679.54923443744	2990.87016807204	3232.09065599052
15.75	1090.81092172251	1331.48018372877	1642.08970115191	1886.27491975056	2157.58242572443	2428.8899316983	2673.07515029695	2983.68466772009	3224.35392972635
16	1087.95541239915	1328.07467210251	1637.97435251339	1881.60153378129	2152.28901976659	2422.97650575188	2666.60368701978	2976.50336743067	3216.62262713402
16.25	1085.09450557098	1324.66498067658	1633.85639565441	1876.92677508626	2146.99561380729	2417.06445252831	2660.13483196016	2969.32624693799	3208.89672204359
16.5	1082.22821636524	1321.25112116548	1629.73583788494	1872.25064751282	2141.70220784668	2411.15376818054	2653.66857780843	2962.15329452789	3201.17619932813
16.75	1079.35655077479	1317.83309821003	1625.61268210085	1867.57315258507	2136.4088018847	2405.24445118433	2647.20492166855	2954.98450555937	3193.46105299461
17	1076.47950324314	1314.41090750731	1621.48692561711	1862.89428888987	2131.11539592138	2399.33650295289	2640.74386622565	2947.81988433545	3185.75128859962
17.25	1073.59704422263	1310.98452617587	1617.3585541557	1858.21404891276	2125.82198995708	2393.42993100139	2634.28542575846	2940.65945373828	3178.04693569152
17.5	1070.70914350501	1307.55393082266	1613.22755311935	1853.53242497128	2120.52858399219	2387.52474301309	2627.82961486502	2933.50323716171	3170.34802447937
17.75	1067.81578220024	1304.11910681942	1609.09391338005	1848.84941226142	2115.23517802696	2381.6209437925	2621.37644267387	2926.3512492345	3162.65457385368
18	1064.91962808668	1300.68212007971	1604.95892408026	1844.16568926818	2109.94177206163	2375.71785485509	2614.92462004301	2919.20142404355	3154.96391603658
