age	C0.4	C2	C10	C25	C50	C75	C90	C98	C99.6
6	542.716064483437	676.247315658139	848.583729301209	984.065749256871	1134.59610956868	1285.12646988049	1420.60848983615	1592.94490347922	1726.47615465393
6.25	506.52878639542	638.558370826373	808.956722339207	942.915137580964	1091.75266244028	1240.59018729959	1374.54860254135	1544.94695405418	1676.97653848514
6.5	470.341508307404	600.869425994608	769.329715377205	901.764525905057	1048.90921531187	1196.05390471869	1328.48871524654	1496.94900462914	1627.47692231634
6.75	434.326055565083	563.358413132425	729.888521638431	860.805923288424	1006.26466126642	1151.72339924441	1282.6408008944	1449.17090940041	1578.20326696775
7	399.155504977707	526.712966281472	691.3395628356	820.760521343957	964.556602348201	1108.35268335245	1237.7736418608	1402.40023841493	1529.9576997187
7.25	365.411841649051	491.518545390258	654.272783577356	782.22179028932	924.38242598248	1066.54306167564	1194.4920683876	1357.2463065747	1483.35301031591
7.5	333.727862705129	458.417526378833	619.342922245699	745.854187237919	886.417387498841	1026.98058775976	1153.49185275198	1314.41724861885	1439.10691229255
7.75	304.781433214667	428.101081446967	587.25832532147	712.379560206588	851.398336100832	990.417111995075	1115.53834688019	1274.6955907547	1398.015238987
8	279.560093020158	401.596184136657	559.096859768915	682.915785949162	820.487602323274	958.059418697386	1081.87834487763	1239.37902050989	1361.41511162639
8.25	259.227421633408	380.119715898804	536.14419891307	658.802618422082	795.085027630415	931.367436838748	1054.02585634776	1210.05033936203	1330.94263362742
8.5	244.34468180518	364.274983235528	519.057911230397	640.740284073715	775.938234574419	911.136185075122	1032.81855791844	1187.60148591331	1307.53178734366
8.75	234.617707700815	353.795443457145	507.607104665025	628.525917541906	762.875497484619	897.225077427333	1018.14389030421	1171.95555151209	1291.13328726842
9	229.408091096685	348.059477539029	501.191828455886	621.576602539348	755.332826610778	889.089050682208	1009.47382476567	1162.60617568253	1281.25756212487
9.25	227.094618760051	345.428446925647	498.150954797855	618.21353137018	751.611770614851	885.010009859521	1005.07258643185	1157.79509430405	1276.12892246965
9.5	225.873142120486	344.068419676863	496.612113115064	616.534114981184	749.776165521385	883.018216061586	1002.94021792771	1155.48391136591	1273.67918892228
9.75	224.288514848024	342.43712608024	494.920591617685	614.795245407564	747.984688797539	881.174132187514	1001.04878597739	1153.53225151484	1271.68086274705
10	221.096614734825	339.171099120222	491.558896004651	611.358340022648	744.464219895752	877.570099768856	997.369543786853	1149.75734067128	1267.83182505668
10.25	215.672196936378	333.52416825714	485.624788145842	605.198468387958	738.053508315364	870.90854824277	990.482228484886	1142.58284837359	1260.43481969435
10.5	208.205162458717	325.564487850872	477.029295285297	596.103132494838	728.402810523909	860.70248855298	979.776325762521	1131.24113319695	1248.6004585891
10.75	199.180456261498	315.684872523725	466.046327955181	584.252766598602	715.58870184664	846.924637094679	965.1310757381	1115.49253116956	1231.99694743178
11	189.897970485487	305.18436408288	453.973830515905	570.944452303484	700.907305303042	830.870158302599	947.840780090178	1096.6302465232	1211.9166401206
11.25	181.765296729485	295.495283241741	442.27603925783	557.667516284069	685.875824806162	814.084133328256	929.475610354495	1076.25636637058	1189.98635288284
11.5	175.734009592799	287.636333480703	432.058294688389	545.595408620099	671.743385115405	797.891361610711	911.428475542421	1055.85043675011	1167.75276063801
11.75	172.511078895697	282.401205945386	424.226211132731	535.721731880887	659.601350127393	783.480968373899	894.976489122055	1036.8014943094	1146.69162135909
12	172.278215677422	280.051472456781	419.144429323399	528.492154273301	649.985415455652	771.478676638003	880.826401587905	1019.91935845452	1127.69261523388
12.25	174.556524520356	280.179561394884	416.497428657514	523.663520967173	642.732829897325	761.802138827477	868.968231137136	1005.28609839977	1110.90913527429
12.5	178.737980141266	282.247425774518	415.837476655405	520.859100099464	637.545748429179	754.232396758893	859.254020202952	992.844071083839	1096.35351671709
12.75	183.903405135115	285.41262175807	416.421162385239	519.413335312622	633.845116778008	748.276898243395	851.269071170778	982.277611797947	1083.7868284209
13	189.086906742521	288.78179306107	417.448745669894	518.600082595627	630.986561616497	743.373040637367	844.524377563101	973.191330171924	1072.88621649047
13.25	193.275809459846	291.404549950532	418.05022324952	517.612534397113	628.23349041348	738.854446429847	838.416757577439	965.062430876427	1063.19117136711
13.5	195.454158442614	292.320783382751	417.337561081112	515.619318330636	624.817485996651	734.015653662667	832.297410912191	957.314188610551	1054.18081355069
13.75	195.194378790677	291.133151493667	414.952436279064	512.292786223532	620.444982026442	728.597177829352	825.937527773819	949.756812559217	1045.69558526221
14	192.759534748601	288.107345595581	411.163930668599	507.904685347804	615.390687279743	722.876689211682	819.617443890887	942.674028963906	1038.02183981089
14.25	188.419231913426	283.515330901076	406.247054799452	502.732420340543	609.934666398511	717.136912456478	813.62227799757	936.354001895945	1031.4501008836
14.5	182.367798055312	277.55220331869	400.397895945188	496.972857835486	604.274651942214	711.576446048942	808.15140793924	930.997100565738	1026.18150582912
14.75	174.760335431978	270.37776405689	393.782319814633	490.796631139558	598.586574365401	706.376517591243	803.390828916169	926.795384673911	1022.41281329882
15	165.637818862555	262.051220199208	386.483064185679	484.304976651667	592.992223377946	701.679470104225	799.501382570213	923.933226556684	1020.34662789334
15.25	154.990403496371	252.589622368341	378.55189117652	477.576944881508	587.60096887367	697.624992865833	796.650046570821	922.612315379	1020.21153425097
15.5	143.239965230782	242.431492558056	370.448806355229	471.089430677726	582.908470918113	694.727511158501	795.368135480998	923.385449278171	1022.57697660544
15.75	131.306677943045	232.500655369766	363.102345974631	465.774674351026	579.851085299203	693.927496247381	796.599824623775	927.20151522864	1028.39549265536
16	120.528380650575	224.130422818899	357.839979468135	462.955552197489	579.746585003986	696.537617810483	801.653190539838	935.362747189074	1038.9647893574
16.25	113.363566326155	219.745617933079	357.043075184813	464.979270734099	584.904220273804	704.829169813509	812.765365362795	950.062822614529	1056.44487422145
16.5	112.263476582854	221.756123999867	363.068139053524	474.160373357102	597.591911084651	721.023448812199	832.115683115777	973.427698169435	1082.92034558645
16.75	118.130003392504	231.016939581079	376.709648656652	491.245759169271	618.503693394199	745.761627619127	860.297738131746	1005.99044720732	1118.87738339589
17	131.137472540393	247.649614373703	398.021040483949	516.235317561942	647.579961879869	778.924606197796	897.138883275789	1047.51030938604	1164.02245121935
17.25	150.206505268811	270.537192559317	425.836861486409	547.925469459097	683.57477668164	819.224083904183	941.312691876871	1096.61236080396	1216.94304809447
17.5	172.896576042746	297.221164232146	457.675390997243	583.816247088065	723.967896167449	864.119545246832	990.260401337654	1150.71462810275	1275.03921629215
17.75	197.110034905328	325.587934549633	491.402455587302	621.757299193896	766.590994343349	911.424689492803	1041.7795330994	1207.59405413707	1336.07195378137
18	221.808866342693	354.58526264468	525.947455044106	660.663592391545	810.343001521716	960.022410651887	1094.73854799933	1266.10074039875	1398.87713670074
