age	C0.4	C2	C10	C25	C50	C75	C90	C98	C99.6
6	225.248046405505	264.468646020824	327.943724919985	391.008536257218	479.010334586302	591.89953378587	721.83686361784	940.335689488238	1165.88715112583
6.25	215.722736362685	253.722993301634	315.079956288528	375.840097034856	460.270392326234	567.964173494303	691.08659750351	896.221811319553	1105.66545428872
6.5	206.249442490124	243.008715508311	302.221139043536	360.662862414551	441.530450066167	544.099603708467	660.586804392423	852.93288020273	1047.25657710443
6.75	196.869277387757	232.373875642614	289.426995830468	345.548503945099	422.878880225112	520.414046083049	630.463214537034	810.60059767862	990.751613010541
7	187.567148085147	221.800608010117	276.675700638775	330.471741257572	404.285764689945	496.87033017876	600.665538161787	769.131775554423	935.972658069263
7.25	178.184150243874	211.100120875311	263.731065685306	315.15041069752	385.406083773387	473.043448995415	570.674737646785	727.835863622535	882.023108193673
7.5	168.676599601602	200.218910623045	250.524692919962	299.502422017912	366.139868422877	448.810987697248	540.34049486102	686.502861627995	828.605097219057
7.75	159.065618190116	189.180066050186	237.083711583861	283.559795171723	346.526744296287	424.222056540582	509.719895143856	645.189448070742	775.749213980371
8	149.639610361928	178.32530067392	223.835325926418	267.833325784412	327.191168020554	400.040551990338	479.726821317798	605.032911175065	724.782772955224
8.25	140.775748180008	168.105042870368	211.346131448945	253.001585172373	308.961589478623	377.275609151577	451.56177208632	567.515618515529	677.428634864379
8.5	132.832315083697	158.950882461009	200.162696333388	239.720364436337	292.637453147798	356.895995718965	426.368276826123	534.02976820148	635.282092797721
8.75	126.170714644942	151.301957805429	190.844785193721	228.662431292163	279.037757808886	339.889628260405	405.304776233615	505.9698018527	599.924260390568
9	121.090010700231	145.526562150189	183.866519402104	220.39908287214	268.856517149276	327.087713005511	389.335502783943	484.47316613632	572.61729379294
9.25	117.869245206672	141.972537759403	179.679540718558	215.475665835319	262.755068108008	319.277966022183	379.367058953261	470.594690494793	554.515979248307
9.5	116.762614776998	140.96141238587	178.705480072322	214.402479625996	261.351032354338	317.191561470617	376.233690171889	465.290304103353	546.650990949284
9.75	117.622206191382	142.331769452533	180.755889480613	216.958449048642	264.369893717502	320.475068265735	379.480775290689	467.919043918843	548.176356293738
10	120.116813131293	145.699072600108	185.357518588954	222.58010032207	271.12043229928	328.272538957882	388.063903977587	477.125993897938	557.42722414243
10.25	123.778234346217	150.509178454128	191.817951420292	230.439657444919	280.59058871615	339.344320579826	400.493760157834	491.029261531094	572.147427821075
10.5	127.8675401129	155.873011149651	199.012462013835	239.188288480772	291.135550857057	351.692373661654	414.397893917268	506.690265573241	588.879719803806
10.75	131.655466269627	160.904654974924	205.812379172836	247.470029386061	301.104247106107	363.320401593286	427.421522007408	521.2249505613	604.26693197265
11	134.732148999829	165.100455061412	211.570622266057	254.505844249183	309.549758226795	373.089871849817	438.23224005258	533.023245511015	616.458404305652
11.25	136.766555024119	168.04808776202	215.752467538884	259.650544386635	315.6893175638	380.064914344577	445.74330925857	540.788930848065	623.982197803584
11.5	137.613310044564	169.559139621318	218.107012689636	262.599530521623	319.155284167175	383.812910278395	449.46349899085	543.958289578803	626.221598296417
11.75	137.253835488231	169.599286406775	218.579806786504	263.284306136882	319.867431276919	384.248234376291	449.309735780362	542.46445928429	623.134219707293
12	135.833547929198	168.336500004802	217.376959956523	261.950253442444	318.126865280452	381.743037078182	445.733403253265	536.883508149743	615.413096587031
12.25	133.682002753809	166.169077099588	215.003974665368	259.204135839083	314.672974418118	377.193046609799	439.793260113965	528.514740790855	604.571070709681
12.5	131.155248519254	163.532726366618	212.018689312202	255.716909925923	310.32194568514	371.581979726672	432.644136210445	518.759882117946	592.224357599034
12.75	128.650167197501	160.919369057866	209.05635228576	252.254115658821	306.003474551884	366.025071900644	425.587128730564	509.182682691411	580.16035768643
13	126.510762376424	158.760777814914	206.679076030757	249.494345171961	302.540412393484	361.505182868262	419.762444395365	501.14115657063	569.918688139189
13.25	124.758746135806	157.088727938768	204.931874415144	247.492880353573	299.998806549495	358.09774537991	415.251988667017	494.721275707502	561.583936333028
13.5	123.271553058414	155.753367504878	203.622784513659	246.018778055598	298.09778149086	355.464254724171	411.658029622463	489.438520064833	554.594313664455
13.75	122.068583974319	154.78298208934	202.79167185531	245.12090879794	296.895802656087	353.671872891795	409.054247590148	485.372070644153	549.030217346449
14	121.331135094215	154.412503340724	202.75015754882	245.176846676359	296.849220277185	353.261029810818	408.060750845962	483.247928615203	545.702373057947
14.25	121.186575567042	154.81175072209	203.727032255157	246.464608051221	298.293180757326	354.625952865429	409.126001020578	483.583992609904	545.182001375033
14.5	121.583892527853	155.924809744416	205.655559327092	248.905004515206	301.130148307263	357.645494115707	412.102589584861	486.19176495036	547.242173279407
14.75	122.40630977943	157.610710906933	208.356129725432	252.282034360467	305.097272365979	362.002916545054	416.618948341782	490.620714996199	551.363615166006
15	123.228105714974	159.327218085315	211.115938630597	255.733434298974	309.150849116656	366.457191106871	421.243005498381	495.177398556234	555.636168875523
15.25	123.47194772962	160.326401416387	212.94238683971	258.056384341901	311.837264453632	369.286688781603	423.997759788112	497.541186543947	557.458784946892
15.5	122.75991083274	160.107262635069	213.162116073234	258.433047677703	312.170213415654	369.329210968931	423.556920358917	496.169694956836	555.116243601771
15.75	120.963624797199	158.486128670397	211.51853672746	256.54969736334	309.773641740421	366.148176666469	419.431258764351	490.509423253317	548.007352485031
16	118.104964014318	155.472711215491	208.010943639431	252.402580615066	304.64623854087	359.751040338637	411.641520476614	480.605251241479	536.201059421183
16.25	114.514194596966	151.483707423816	203.184141111241	246.650163637014	297.585688357946	351.087732673867	401.285252618553	467.756185479166	521.162411879555
16.5	110.540959815473	146.968774164633	197.632442403256	240.012169792488	289.462311340513	341.190172696407	389.548515811319	453.355296879029	504.452627087643
16.75	106.412404703	142.222317833658	191.746738140234	232.962400883949	280.848589303946	330.735684091582	377.207654662044	438.310453447823	487.085212453866
17	102.288302046862	137.453996315291	185.807309794141	225.841020481973	272.155056423592	320.208554171588	364.815704035225	423.264694658257	469.774455931823
17.25	98.2501162836764	132.771993065766	179.959806397338	218.825054929784	263.595080520887	309.859545387129	352.657583185038	408.546557414855	452.882481219882
17.5	94.3089294257649	128.191155554839	174.224565715671	211.939386274142	255.198488756427	299.722967844341	340.77095906034	394.196687616326	436.451011845875
17.75	90.4721223524683	123.721526164082	168.615582592305	205.20121419202	246.985810673158	289.82211104769	329.180864181151	380.241003745859	420.505426321941
18	86.7443894859136	119.369546880434	163.142015521098	198.621839348894	238.970409399855	280.171764341735	317.902600787893	366.694130421549	405.058629664903
