age	C0.4	C2	C10	C25	C50	C75	C90	C98	C99.6
6	341.449330168184	505.131997942732	722.339690793316	890.887353113737	1070.45886685521	1257.5197262348	1448.18803359254	1720.73244273756	1953.45351608824
6.25	342.437250898673	502.083331837839	715.2697100825	881.782091256408	1060.27224419697	1246.78044791417	1436.871760516	1708.6979645638	1940.98129941303
6.5	343.274697809006	498.98698713893	708.213356225624	872.695037685194	1050.08595010947	1236.02307884653	1425.52882672049	1696.63625234949	1928.49012165011
6.75	343.971325342555	495.85579981332	701.188590078015	863.649381153705	1039.92948474923	1225.28348827389	1414.20067964556	1684.59566615881	1916.03360631596
7	344.551015764037	492.72020518173	694.237140356041	854.697977843654	1029.86964276367	1214.64306478643	1402.98167909699	1672.68675515211	1903.73459895721
7.25	345.016699086088	489.581087653196	687.359048432906	845.841152667934	1019.90721840896	1204.10303028059	1391.87343923791	1660.91174884721	1891.59599610051
7.5	345.371359544	486.438694725042	680.553256060107	837.077796589457	1010.04118344095	1193.66238439927	1380.87499971667	1649.26987303504	1879.61738001358
7.75	345.618498369518	483.293449892029	673.818786987661	828.406859520936	1000.27056465534	1183.32018701346	1369.98546864673	1637.76044081429	1867.79844616724
8	345.76195685316	480.145885742987	667.154701245868	819.827302008614	990.594387172683	1173.0754907862	1359.20394535437	1626.38276314274	1856.138904985
8.25	345.805766729881	476.99658911437	660.560058041031	811.338055821685	981.011628441472	1162.92728693052	1348.52945847731	1615.13607750449	1844.63840399198
8.5	345.754129532771	473.846303298411	654.034093309694	802.938249242216	971.521495204604	1152.87483421686	1337.96134221959	1604.01998413659	1833.29701004598
8.75	345.611153142696	470.69565660737	647.575864067147	794.626770415049	962.12289063309	1142.91702560595	1327.49851075487	1593.03360321726	1822.11427775625
9	345.38095881469	467.545398002359	641.184607870035	786.402720316909	952.814972757564	1133.05305527253	1317.14022567462	1582.17647210436	1811.09024780649
9.25	345.067569248161	464.396290224837	634.859608724729	778.26525113811	943.596960336261	1123.28219160965	1306.88584067408	1571.44825733929	1800.22513752129
9.5	344.674876004667	461.249094154678	628.60018295095	770.213548840059	934.468110084082	1113.60374763793	1296.73476408552	1560.84870492832	1789.51928035556
9.75	344.20664320225	458.104586562073	622.405707695101	762.246868733233	925.427759878736	1104.01713250084	1286.68651906737	1550.37771383294	1778.97321206276
10	343.666489606188	454.96353949987	616.275595587259	754.364505303746	916.475292596563	1094.52180869873	1276.74069414942	1540.03527737309	1768.58760515964
10.25	343.057871940933	451.826695244073	610.209262187307	746.565753193853	907.610089104721	1085.11723636552	1266.89687902538	1529.82140780949	1758.36318520204
10.5	342.384088158693	448.69476398783	604.206123160301	738.849904357922	898.831525078605	1075.80286970252	1257.15466086494	1519.73613330507	1748.30072960399
10.75	341.648285268069	445.56842442919	598.265593200985	731.216246391951	890.138968647406	1066.57815386009	1247.51362030933	1509.77949296198	1738.40106282367
11	340.853445753068	442.448301318812	592.387060132703	723.664034628875	881.531749914191	1057.44249187498	1237.97329654202	1499.95150076963	1728.6650212899
11.25	340.002416170481	439.334989419079	586.569910166378	716.19251903106	873.009189451536	1048.39527452705	1228.53321806355	1490.25217756619	1719.09348713915
11.5	339.097898650286	436.229035637133	580.813504055271	708.80091535179	864.570562405556	1039.43583619555	1219.19285064474	1480.68148885318	1709.68731903267
11.75	338.142467090229	433.130951918744	575.117193019649	701.48842476812	856.215122731671	1030.56348416754	1209.95163161098	1471.23938656332	1700.44740163891
12	337.138579345172	430.041223892036	569.480329461023	694.254247399011	847.942120189438	1021.77751944919	1200.80899437283	1461.92583930941	1691.37468215934
12.25	336.088582237226	426.96031070403	563.902265792012	687.097581026055	839.750798752401	1013.07723476153	1191.76436614696	1452.74083058146	1682.47017073406
12.5	334.994714212878	423.888641560155	558.382348132614	680.017613168447	831.640386789007	1004.46190255737	1182.81715362145	1443.68434150216	1673.73492226205
12.75	333.85909469695	420.826596380375	552.919889491006	673.013488136517	823.610056240626	995.930724870298	1173.96668280765	1434.75627619121	1665.1699503423
13	332.683744507202	417.774527204139	547.514198152779	666.084342392181	815.658966321403	987.482886583062	1165.21226285483	1425.95654278902	1656.77632625867
13.25	331.470566468822	414.73272956392	542.164539964499	659.229259100365	807.786207966132	979.117488011794	1156.55310639128	1417.28495667828	1648.55506917853
13.5	330.221366610256	411.701464574876	536.870166446735	652.447302321911	799.990845369897	970.833594719585	1147.98838810244	1408.74131312086	1640.50723380555
13.75	328.937890657859	408.680997479953	531.630360169384	645.737568628929	792.271974498734	962.630303282779	1139.51731806982	1400.32547284722	1632.63400951194
14	327.621829720838	405.671600172818	526.444436593117	639.09918896132	784.628724762583	954.506742508088	1131.13914250503	1392.03736311799	1624.93672445518
14.25	326.274810937231	402.67353778167	521.311729095581	632.531313596191	777.06024466825	946.462060396464	1122.853132366	1383.87697029033	1617.41684499295
14.5	324.898409846094	399.687078749512	516.231598809672	626.033122088144	769.565711421979	938.49543286521	1114.65859098321	1375.84434676161	1610.07598505634
14.75	323.494139831575	396.712480590819	511.203418784317	619.603807180037	762.144315142848	930.606048894526	1106.5548407657	1367.93960211625	1602.91590549377
15	322.063451932864	393.749986141107	506.226568030729	613.242567554257	754.795250113786	922.793100213099	1098.54121159789	1360.16289154586	1595.93850686062
15.25	320.607738079325	390.799825105535	501.300433451049	606.948610689475	747.517718740876	915.055786476778	1090.61704748904	1352.51442643524	1589.14584793131
15.5	319.128338334838	387.86221964128	496.424415450053	600.721158877725	740.310937783035	907.393321459804	1082.78171279463	1344.99448232533	1582.54015986546
15.75	317.626545152822	384.937386915097	491.597930506738	594.55945238327	733.174142236712	899.80493773949	1075.0345979397	1337.60340819174	1576.12386390317
16	316.103606691737	382.025541365839	486.820414667837	588.462755091512	726.106594420376	892.289900313252	1067.3751381478	1330.34165515712	1569.89961497317
16.25	314.560743202494	379.126911996293	482.091344864712	582.430380579598	719.107616975487	884.847548314077	1059.802864579	1323.20984410519	1563.8703905615
16.5	312.999128997699	376.241718405253	477.410207655284	576.461654212184	712.176545804774	877.477236956045	1052.31733529128	1316.20868324008	1558.03940336473
16.75	311.419880708433	373.370155595639	472.776480976329	570.555892829551	705.312707548683	870.178312807355	1044.91810856215	1309.33894125703	1552.41008181777
17	309.82406535896	370.512401132096	468.189641492648	564.712412436037	698.515427270398	862.950121247647	1037.60475056559	1302.60145861638	1546.98609312476
17.25	308.212686400243	367.668597430953	463.649142708421	558.93050256674	691.783997420955	855.791968851843	1030.37679151071	1295.99709808477	1541.77129816945
17.5	306.586684643634	364.838851364285	459.154414116858	553.209425360347	685.117676655084	848.703121814461	1023.23372405015	1289.52674666853	1536.76976664138
17.75	304.946942844923	362.0232377578	454.704863632241	547.548416005002	678.515685161653	841.682793811877	1016.1749848074	1283.19129373569	1531.98576509206
18	303.293077632638	359.220412392233	450.298172776956	541.944611461032	671.974527220333	834.726681801031	1009.19572582201	1276.98638133182	1527.4176947367
