age	C0.4	C2	C10	C25	C50	C75	C90	C98	C99.6
6	239.691142140935	466.801860023156	749.575653468029	943.763033820389	1136.8891848683	1312.64738959337	1459.6536887108	1634.75960024827	1763.01653069468
6.25	243.949812140924	468.434927304938	744.563491422182	935.374550632074	1126.56858034262	1301.70163264606	1448.90873876193	1625.0040481599	1754.44575956796
6.5	249.343475489878	470.50498422484	739.702726927136	927.078401205003	1116.29522515889	1290.77483353509	1438.17557274355	1615.27830614037	1745.93935273322
6.75	255.891179661121	472.957065054	734.989161214189	918.887091600843	1106.09043929933	1279.8934727064	1427.48443403482	1605.61770994958	1737.53741987007
7	263.572674941283	475.736726858462	730.433862491684	910.833230979617	1096.00028210505	1269.11303005149	1416.89819904324	1596.09470623148	1729.3206166656
7.25	272.297636543862	478.75658738994	726.007413776127	902.899234107509	1086.01062245449	1258.41949283541	1406.40236264946	1586.69492216213	1721.27590778106
7.5	281.910028508183	481.920222425055	721.673762471512	895.05955114531	1076.09793849698	1247.78801205016	1395.97027620933	1577.39024570375	1713.37539522374
7.75	292.192917101638	485.129235829607	717.396234384464	887.28782424432	1066.23788287247	1237.19282968729	1385.57423644275	1568.15131174524	1705.58983866679
8	302.884854313284	488.290529053687	713.143044104962	879.563229411197	1056.41279572012	1226.61599807215	1375.19527518908	1558.95862167941	1697.90078613968
8.25	313.703902656278	491.319484824738	708.88641594168	871.86867587462	1046.60926407085	1216.04445548398	1364.81986572962	1549.79883726092	1690.29658646235
8.5	324.379201063834	494.147559607902	704.60876055024	864.197682548239	1036.82605209471	1205.47910476222	1354.45006288189	1540.6762867816	1682.78496609784
8.75	334.678848549359	496.72683923094	700.30559646326	856.557368532672	1027.07745534859	1194.93867555093	1344.10789310769	1531.6180949452	1675.39878106531
9	344.426833214946	499.028907636102	695.981850462716	848.963469385747	1017.38712838752	1184.45252321337	1333.8273234962	1522.66520177446	1668.18637751316
9.25	353.517546751726	501.05424277555	691.664547977725	841.455590223627	1007.80625330033	1174.08179338199	1323.67817992944	1513.89985475001	1661.24191335956
9.5	361.907869671332	502.821581421959	687.388759366108	834.079938535904	998.392754695757	1163.89525539956	1313.73905514347	1505.41495251623	1654.67206561676
9.75	369.612844752303	504.371994666876	683.205400732832	826.898924626969	989.222745242439	1153.9826113231	1304.11234869472	1497.33138343604	1648.61524368705
10	376.689699772186	505.761445346657	679.174193268053	819.983039594096	980.380976437227	1144.44351680644	1294.91205559892	1489.78435862029	1643.22690775027
10.25	383.218521823748	507.050095260294	675.352869911727	813.398432259699	971.94624708099	1135.37071176909	1286.24482997671	1482.90188110022	1638.6560957452
10.5	389.289587259028	508.298773815047	671.795855838115	807.205948038109	963.99048265379	1126.84900937918	1278.20885709596	1476.80348460536	1635.04411984136
10.75	394.992410862712	509.564206059859	668.550644440329	801.457349964351	956.574464514522	1118.95039073399	1270.88832197701	1471.59389610727	1632.51765293099
11	400.401578628236	510.886602655996	665.643551825653	796.178815066735	949.728428473984	1111.71143172813	1264.32780485891	1467.33340307863	1631.15590854477
11.25	405.583715914274	512.301161634115	663.0957237801	791.390304063216	943.475132054001	1105.16007585171	1258.56241892957	1464.07235536137	1631.02864663346
11.5	410.595297844403	513.835624536117	660.920180607409	787.102083762146	937.82566634841	1099.31061987879	1253.61197418685	1461.84422745655	1632.18841039237
11.75	415.485127959136	515.513112173968	659.125649708263	783.31943054024	932.785128470225	1094.17034900926	1249.48848192217	1460.67427661179	1634.68019081559
12	420.292380988434	517.349130238463	657.712713248271	780.038104112813	928.347246673038	1089.73319499615	1246.18884807909	1460.57092748849	1638.53182295693
12.25	425.04558166065	519.34990946234	656.671758254546	777.242001840709	924.491614257255	1085.9764284417	1243.69097228045	1461.52101296152	1643.74857714319
12.5	429.765412503115	521.51555779449	655.987069862971	774.908117563613	921.189644893415	1082.86761702217	1241.96160594948	1463.49881043653	1650.32323889833
12.75	434.457083193655	523.830498150781	655.624798232247	772.99236074568	918.387695714453	1080.344680796	1240.93330499825	1466.43859950689	1658.20502191555
13	439.119186533114	526.274171636621	655.546656485385	771.445924812449	916.026651060194	1078.33891361808	1240.53071296225	1470.2653460233	1667.33397958705
13.25	443.739548247158	528.815864681141	655.703519266131	770.207853853336	914.033198547938	1076.7647686706	1240.65879999866	1474.88069986566	1677.62518481695
13.5	448.299288615075	531.419391427975	656.04123690401	769.211908625791	912.327974888189	1075.52936322007	1241.21362849362	1480.17542870807	1688.9826598586
13.75	452.78614770608	534.058656212704	656.519779912668	768.409048755749	910.852305234772	1074.56407928551	1242.1188711124	1486.07303266737	1701.34938521745
14	457.197154989192	536.720256669819	657.115998819026	767.770488688003	909.571782116406	1073.82890440482	1243.33107812537	1492.53665073457	1714.71614250045
14.25	461.532144861028	539.395329398258	657.813136242656	767.275182868643	908.461272201937	1073.29470966702	1244.81928167124	1499.54504798487	1729.09485361695
14.5	465.800798638217	542.087515505942	658.610346508027	766.920865814136	907.517996718559	1072.9588067162	1246.58322806834	1507.11508427508	1744.54546878745
14.75	470.013900206915	544.802423080882	659.509551988053	766.708572350699	906.743115922773	1072.82320911199	1248.6283028208	1515.27202614658	1761.14289398091
15	474.180460183691	547.54425670151	660.511406410016	766.638024741529	906.136403390251	1072.88851324777	1250.9586385243	1524.04175251984	1778.96917296193
15.25	478.308265587306	550.316351003533	661.615845243175	766.708202965316	905.696830912609	1073.15448821222	1253.57771355062	1533.45155997895	1798.11535443697
15.5	482.400793656373	553.11760162287	662.817819235953	766.912434746849	905.416809275899	1073.61329541824	1256.48048891533	1543.52086282961	1818.67190573178
15.75	486.456781874501	555.941993208493	664.106786879534	767.237852446701	905.281575539616	1074.24875679369	1259.65252183096	1554.26025742111	1840.72894827924
16	490.473925930927	558.782764447653	665.471613921262	767.670972926257	905.275637689234	1075.04378905841	1263.07842098085	1565.68175288821	1864.3896379694
16.25	494.44899822553	561.632485545966	666.900613974602	768.197707459356	905.38273216593	1075.98027434688	1266.74160595592	1577.79863529637	1889.77199989057
16.5	498.378016223145	564.483244153102	668.381798923444	768.803691772777	905.586269244043	1077.03965112254	1270.62507211662	1590.62689723176	1917.01339924505
16.75	502.255689578674	567.325964798347	669.902016249481	769.473249192827	905.868046306467	1078.20128783722	1274.70935937881	1604.18291559827	1946.27082580793
17	506.075877009418	570.150929204757	671.447597773322	770.190177818974	906.209228573016	1079.44370276193	1278.97404412417	1618.48588276701	1977.72800373058
17.25	509.833599650132	572.94999276101	673.006911267556	770.940630485944	906.593670453748	1080.74842142087	1283.40218990227	1633.56378935025	2011.60766436451
17.5	513.525251331824	575.716776172251	674.570545646519	771.713307862691	907.008129430467	1082.1002234633	1287.98064933511	1649.45453647268	2048.17965724184
17.75	517.14783503319	578.445796486852	676.130303393189	772.498337454499	907.441011696855	1083.48574663115	1292.69855242014	1666.20515049219	2087.76903188362
18	520.700349354416	581.133961200051	677.680875053653	773.289127934271	907.884472456884	1084.89589154653	1297.55006420165	1683.87612676253	2130.77256382641
