age	C0.4	C2	C10	C25	C50	C75	C90	C98	C99.6
6	281.881944041581	486.297465790523	840.854675317468	1194.15938082015	1666.23142872959	2224.22980070955	2801.61171464889	3641.15361097703	4374.05929475557
6.25	271.188182665163	462.196961346196	791.044555156235	1117.01468358872	1550.93004739108	2062.19737901216	2589.8978511003	3355.4313186417	4022.41156461294
6.5	259.412750199376	436.836708254539	740.062407150932	1039.07633509385	1435.6287169512	1901.39931060669	2380.94289545205	3075.02192562528	3678.56214534823
6.75	247.009118942653	411.046793111989	689.381051642369	962.445609380443	1323.25317412735	1745.71761365458	2179.6013438871	2806.16863724074	3349.94602535535
7	235.163001728862	386.845774200934	642.418270734681	891.898370779153	1220.35578087509	1603.76359915566	1996.57962194613	2562.57467504773	3052.84406921205
7.25	223.847815538987	364.124203415764	598.871622202261	826.903180422122	1126.06238543322	1474.21995955809	1830.06986820649	2341.6750158093	2783.99682852633
7.5	212.492316128484	341.90111433155	557.030343042208	765.006678416735	1036.91115867237	1352.41539235156	1674.13421325055	2135.66898955113	2533.96102923637
7.75	200.837351927536	319.735519466538	516.120642523081	705.089549282711	951.306506456342	1236.17570753479	1525.98630620762	1940.86129856625	2298.2332978919
8	191.772672771648	302.166739181731	483.364553643053	656.923797160455	882.311411719634	1142.33889202391	1406.27722927628	1783.32418787968	2107.52716858057
8.25	189.475893908314	295.561564417489	468.627407566364	633.657762460963	847.271771635046	1093.02721624246	1341.92302025797	1696.74891073647	2001.30502740456
8.5	196.239998415119	303.132395805444	476.480921794641	641.059702115417	853.409392431458	1097.03976288641	1343.24288906512	1693.51915692495	1993.64634942408
8.75	212.526037866574	325.177899235702	506.812849877365	678.523310305544	899.381814167553	1152.09160750909	1406.92024500508	1768.74592507565	2078.23748074391
9	237.290733479776	359.719160850648	556.008991496644	740.799682458309	977.753718025033	1248.16300841864	1520.26262143147	1905.85427829028	2235.11817560401
9.25	259.577552925152	389.969419586863	597.884050399836	792.820236670668	1042.03259156289	1325.69229888368	1610.53173156762	2013.39989081622	2356.84630667962
9.5	263.593006897601	392.537999555972	597.050728906277	788.032479091615	1031.47018234113	1307.85054110352	1584.81348882718	1975.80050400516	2308.57555918113
9.75	247.117531093053	364.868920852583	550.659300471041	723.480332490455	943.133028920927	1191.88552373746	1440.66229129035	1791.20687250918	2089.08417739259
10	218.703843071829	320.238778765714	479.632649378909	627.333579128555	814.527403460084	1025.99993897999	1237.07654442449	1533.95704043986	1785.83818168519
10.25	191.174999589087	277.670305665275	412.785032004603	537.519777831769	695.167481680493	872.832245283559	1049.82161797504	1298.3138757868	1508.8186049411
10.5	177.955022543946	256.439211890237	378.450125341292	490.675176748044	632.125716331817	791.159279771271	949.28798269592	1170.91228764303	1358.37638064803
10.75	185.219901151784	264.869258874053	388.110017014614	501.059210165935	643.041496685121	802.301935117331	960.362152670809	1181.51293441243	1368.30555786456
11	206.043591534153	292.459773308916	425.556805447883	547.109247824197	699.504481261761	870.055151087196	1039.01295547034	1275.01918357449	1474.08055086654
11.25	230.538742295277	324.868631533316	469.500895312565	601.130344525422	765.732818788886	949.532685388958	1131.29280837203	1384.77402538122	1598.28850429872
11.5	252.485569433217	353.307063901577	507.210261105423	646.79902547976	820.91012498923	1014.90056283595	1206.40649056727	1473.06632682925	1697.39687834299
11.75	268.218085660289	372.780755437035	531.701032736952	675.354064364733	854.084393858937	1052.79232242021	1248.62607089375	1520.91017715305	1749.70231909744
12	276.451910630609	381.71296232842	541.006998268751	684.516057581931	862.623472358302	1060.22026703936	1254.64321367177	1524.59084911246	1751.17799202097
12.25	279.762412216831	383.855308482415	540.708028737759	681.546032108865	855.907128306549	1048.94664139957	1238.59013632375	1501.56502427787	1722.09606929147
12.5	281.103992787783	383.375985261449	536.824354269354	674.143524340548	843.729756040414	1031.10131591303	1214.90483730132	1469.49057232936	1682.82988653057
12.75	282.381676553396	382.918967608305	533.109799647934	667.056591972585	832.069213632274	1014.02442115361	1192.26840502817	1438.9153030307	1645.50141454731
13	285.165296293402	384.61989571675	532.531399043705	663.984459608923	825.519769300111	1003.29325569435	1177.22133410519	1417.71898033751	1619.12246068148
13.25	289.893466572546	389.060696348697	535.85910287553	665.847349161117	825.173413930492	1000.18097998867	1171.21320360955	1407.60411178341	1605.62310886691
13.5	296.426690291436	396.0557918032	542.807640006679	672.25095609724	830.4870717159	1003.97325529848	1173.36397317239	1407.47849739434	1603.7592932113
13.75	304.298446223399	405.010613091754	552.556774333841	682.15210164525	840.128811399558	1013.01537580465	1181.70982085298	1414.97936029193	1610.87349261468
14	312.586713976099	414.766032046413	563.556727752352	693.630708923848	851.710180841176	1024.40262582011	1192.85394646642	1426.07202253001	1622.45263849971
14.25	320.024558550831	423.759455025149	573.764562867682	704.193621659473	862.173656165786	1034.46052665718	1202.53817953203	1435.74899241877	1632.93605789247
14.5	324.62827967298	429.539684572146	579.998091832816	709.991001139335	866.844533480889	1037.6182898742	1204.34186238229	1436.48453987625	1633.96223206946
14.75	324.394444249901	429.684784898873	579.179980622038	707.349226982285	861.317255565112	1028.68128909554	1192.32833372826	1421.39209547007	1617.95089932405
15	319.010173648845	424.048773896687	571.341575797493	696.421474319208	845.880952804252	1008.09634685087	1167.12850726814	1391.45092844901	1586.31485578408
15.25	308.965972449501	413.600397105023	558.036185785762	679.213601464688	823.06524716081	978.969759463526	1132.44810897039	1351.32879179322	1544.74824700316
15.5	293.676808817537	397.951844184957	539.022083104623	655.541282732656	792.727034647791	941.209285307102	1088.28667932485	1301.3183935184	1494.0950463098
15.75	271.539529619809	375.388341646007	512.286791225279	623.071703999633	752.129258770268	891.646707191046	1031.09205165173	1237.5106606129	1430.54049372605
16	242.872927440788	346.837665216283	479.416580791232	583.843792065881	703.815109154216	833.376777954158	964.550985497292	1164.71852737404	1360.58221696705
16.25	211.526839728252	318.621108637291	449.686955491104	549.280993839106	661.603041835524	782.80763752662	907.791267427886	1106.78366579417	1314.05396687266
16.5	179.058177927344	295.010318261045	430.53041861387	528.748101902269	636.799018487532	753.342755108739	876.689753064394	1085.09694567882	1321.70209742108
16.75	142.580511078106	273.594605090318	421.272036865884	522.02612427556	629.218651077379	744.85612243653	871.865432172021	1105.13014106872	1403.33930254627
17	101.477027789843	249.606531599925	418.572939362783	525.956528700187	635.220385112515	753.26354555349	889.992091449006	1172.46017860763	1597.76377420969
17.25	62.9358339013105	219.465218816932	419.588014313738	538.269830168602	652.276708317129	775.983174376666	930.743008589716	1308.44264054113	2021.31324533514
17.5	35.8614111939168	183.486778974581	421.921082689667	557.29548952404	678.534617792968	811.54610342741	997.850749837648	1574.12965913783	3065.06231257398
17.75	20.8225711765739	147.327804990136	424.126975856594	581.978646571166	712.692664126325	859.805039199966	1103.44693922981	2161.40250949146	6462.29664288434
18	13.2173961980813	117.35139631582	426.28817091855	612.158055718741	754.265965582471	923.49621614956	1284.79618378424	3879.69937865581	24664.2273179613
