age	C0.4	C2	C10	C25	C50	C75	C90	C98	C99.6
6	259.179854532753	523.960322856331	865.478123799068	1112.27089167906	1367.51776875441	1607.46743487018	1813.19461029264	2063.65513427761	2250.53579135175
6.25	268.964470151974	530.554433095649	864.241601699384	1106.88739834182	1359.58509960622	1598.57321451209	1804.42953020915	2056.07514542855	2244.48983298094
6.5	280.003031641003	537.470149853785	863.110075565001	1101.58617336424	1351.7060127093	1589.70640829651	1795.68149577519	2048.52580017766	2238.50845481156
6.75	292.206578272489	544.616722997645	862.06347307341	1096.36562144502	1343.8883173735	1580.87989390581	1786.96658578585	2041.02709449215	2232.61533462062
7	305.426274892322	551.905816180914	861.091710282881	1091.23694153785	1336.15593955367	1572.12598807571	1778.32325242749	2033.62507951159	2226.86306207999
7.25	319.451543056212	559.240475862822	860.168374205224	1086.18857992262	1328.50392161255	1563.44250016943	1769.7506375278	2026.32067366622	2221.25480477876
7.5	334.02748008955	566.528033971474	859.267932018166	1081.20866103062	1320.92651957126	1554.82623994728	1761.24674837641	2019.11354305338	2215.79245897934
7.75	348.876756392552	573.684012902663	858.366858836884	1076.28592040382	1313.41815667871	1546.2740647721	1752.80961116263	2012.00340206432	2210.47807140587
8	363.724894610059	580.635104381085	857.444225643568	1071.40999983807	1305.97359156443	1537.78299165717	1744.43735801557	2004.99008636226	2205.3139127803
8.25	378.323728534554	587.321270359123	856.482173419323	1066.57170077045	1298.58806020779	1529.35028196496	1736.12828113647	1998.07358365235	2200.30250152504
8.5	392.468688841024	593.696799347507	855.466176229435	1061.76311530944	1291.25732287772	1520.97344062148	1727.88080656861	1991.25399065017	2195.44656024808
8.75	406.007858247507	599.730412041174	854.385245232422	1056.97783420363	1283.97784517191	1512.6503707777	1719.69362736089	1984.53162148667	2190.74911053179
9	418.842929343834	605.404295880029	853.231762276286	1052.21087960493	1276.74674420066	1504.37932023245	1711.56565322858	1977.90697020674	2186.21345704661
9.25	430.923933147312	610.712430816357	852.001230276485	1047.4586708688	1269.56181400784	1496.15891775151	1703.49604385455	1971.38073540219	2181.84320999434
9.5	442.240058530753	615.658319626626	850.691811033487	1042.71886205246	1262.42146868136	1487.98815684632	1695.48421220423	1964.95384269786	2177.64232822761
9.75	452.808945847009	620.252494148951	849.303794010327	1037.99015628021	1255.32468603061	1479.86639074332	1687.52984325411	1958.62748441161	2173.61517994806
10	462.666256835435	624.510018217356	847.838974685552	1033.27202797143	1248.2708606326	1471.79323589759	1679.63281892313	1952.40306133769	2169.76650262135
10.25	471.856829323503	628.448258612914	846.300005712767	1028.56436627445	1241.25955049962	1463.76834775249	1671.79299668633	1946.28195421325	2166.10117417143
10.5	480.428189175962	632.085217350312	844.689921356086	1023.86723799772	1234.29033379224	1455.79131181608	1664.01011241082	1940.26543311285	2162.62413446176
10.75	488.42650016249	635.438471656806	843.011853174713	1019.18077956687	1227.36278363744	1447.86166105171	1656.28382333312	1934.35472917119	2159.34048951631
11	495.894428230337	638.524471177927	841.268679234674	1014.50491021327	1220.47618665319	1439.97857230416	1648.61337398105	1928.55065708515	2156.25510996091
11.25	502.870615337428	641.358473782537	839.463128769393	1009.83951769308	1213.62979564622	1432.1411767318	1640.99795669362	1922.85404362961	2153.37312878305
11.5	509.389791852714	643.954548704002	837.597769296106	1005.18446378366	1206.82285261725	1424.34859749612	1633.43676243421	1917.26580057926	2150.70004976506
11.75	515.483182342656	646.325671099947	835.675020616092	1000.53959615307	1200.05460287716	1416.59996478601	1625.92899606958	1911.78694463277	2148.24178986393
12	521.178999333251	648.483893288928	833.697250034063	995.904851248116	1193.32441566222	1408.89455587653	1618.4740353739	1906.41878766658	2146.00491634771
12.25	526.50284817344	650.440455722318	831.666799114394	991.280276165287	1186.63180949958	1401.2318255781	1611.07146734852	1901.16298792655	2143.9967343815
12.5	531.478019473035	652.205820171974	829.585923152013	986.665946028695	1179.97635091647	1393.61128511213	1603.72094812779	1896.02139026978	2142.22513678515
12.75	536.125798276706	653.789777478377	827.456839272212	982.062012561328	1173.35771152445	1386.03256939444	1596.4222808321	1890.99612591915	2140.69875110943
13	540.465668892746	655.201470798137	825.281677983536	977.468638729988	1166.77558910181	1378.49534378765	1589.17530868487	1886.08949424412	2139.4268438598
13.25	544.515525572103	656.44945987991	823.062494206641	972.88600335861	1160.22971085112	1370.99930632331	1581.97991654554	1881.3039713977	2138.41937060445
13.5	548.291839413158	657.541763567373	820.801262316112	968.314290054415	1153.71982084132	1363.54417387116	1574.8360160526	1876.64220252847	2137.68701349772
13.75	551.809801603078	658.485896254863	818.499869293121	963.753673731841	1147.24566400319	1356.12966373544	1567.74352514588	1872.10698771612	2137.24121668107
14	555.083455453283	659.288909868456	816.160120156015	959.204321704925	1140.80698705682	1348.75549472296	1560.7023695209	1867.70129398228	2137.09425646304
14.25	558.125819611549	659.957441617307	813.783756118186	954.666410635497	1134.40355892871	1341.42141188416	1553.71251205674	1863.42830239306	2137.25935881488
14.5	560.949008217483	660.497770169	811.372486109636	950.140158683438	1128.03520862291	1334.12723165494	1546.77400608369	1859.29148568529	2137.75086078397
14.75	563.564302513181	660.915825653582	808.92796500775	945.625795070003	1121.70178796217	1326.87279695481	1539.88694288092	1855.29455753188	2138.58423078438
15	565.982270857216	661.217264275455	806.451852050439	941.123621744294	1115.40324116541	1319.65805586833	1533.05153974329	1851.441588003	2139.77628642192
15.25	568.212809232876	661.407460284187	803.945775214747	936.633969224256	1109.13955391619	1312.48300361531	1526.26807540226	1847.73694541904	2141.34523131255
15.5	570.265163665634	661.491483629522	801.411280462522	932.157134516097	1102.91068024292	1305.34759680953	1519.5367914612	1844.18519542	2143.31065223067
15.75	572.147985030048	661.474121115625	798.849836000601	927.693383074217	1096.71654469806	1298.25175594694	1512.85789530747	1840.79112234897	2145.69367065619
16	573.869387767307	661.359906894968	796.26284970645	923.242966182175	1090.55706272238	1291.19538938855	1506.23158807068	1837.55978283805	2148.51714898087
16.25	575.436995135896	661.153140682018	793.651672035438	918.806120335803	1084.43213800874	1284.17838805036	1499.65805624883	1834.49651357068	2151.80585980894
16.5	576.857977046028	660.857903087964	791.017600272886	914.383071409505	1078.34166966509	1277.20063675743	1493.13748824729	1831.60698026969	2155.58673458948
16.75	578.139080587505	660.478064540337	788.361874545085	909.974027591838	1072.28554364266	1270.26200396824	1486.67006249915	1828.89718939021	2159.8890910405
17	579.286663627604	660.017300646958	785.68568310907	905.579183518608	1066.26363787212	1263.36234841639	1480.25595619897	1826.37352925416	2164.74492833981
17.25	580.306695900078	659.479073932456	782.99013030794	901.198682951455	1060.27578052145	1256.50147256013	1473.89529430587	1824.04274477426	2170.18918493613
17.5	581.204783000018	658.866642826562	780.27623637995	896.83261672287	1054.32174758268	1249.67911985804	1467.58814685214	1821.91197019794	2176.2601043617
17.75	581.986201583111	658.183084052855	777.544952198586	892.481036178447	1048.40127619767	1242.89498752035	1461.33454081217	1819.98877748351	2182.99966533849
18	582.655172657149	657.430447629905	774.796136782148	888.142761732105	1042.51264017403	1236.14700258509	1455.13238911227	1818.27855466591	2190.45077817037
