age	C0.4	C2	C10	C25	C50	C75	C90	C98	C99.6
6	602.318327367387	946.168878570367	1392.00745713057	1741.57450021466	2128.85025215552	2515.0849816053	2861.93707084622	3302.22396042371	3642.74613197478
6.25	608.858997240461	937.898576876266	1367.29486350489	1706.18444196025	2083.51655116745	2461.49369374492	2802.14188601786	3235.99065399198	3572.51308013607
6.5	614.251216726239	928.907250626297	1342.32528627377	1670.7234827638	2038.19208705667	2407.90770081408	2742.30466131196	3169.62142067121	3502.05858331305
6.75	618.53298189269	919.333675940042	1317.30018800207	1635.4427779424	1993.18550546577	2354.69363304936	2682.84375410729	3103.59939779225	3431.91522662518
7	621.904646283446	909.513825759232	1292.68884317411	1600.92213580263	1949.2045373175	2302.68988400881	2624.71627283609	3039.03351204731	3363.31005851046
7.25	624.390725941346	899.480335524414	1268.50956871442	1567.17589443827	1906.26433193818	2251.91511457886	2567.94508794236	2975.95269670961	3296.27712281184
7.5	626.019547339316	889.251537381095	1244.75755735505	1534.18940736187	1864.34444595944	2202.34556529851	2512.50430011473	2914.32875765348	3230.78665268357
7.75	626.832868432677	878.849795565307	1221.43142379048	1501.95191585742	1823.4289307523	2153.96257687218	2458.37362259644	2854.1396914714	3166.81545327492
8	626.903514400256	868.332795369238	1198.57908829263	1470.51362522866	1783.57584168038	2106.83455556024	2405.63156953322	2795.47714796509	3104.46541031144
8.25	626.324379132677	857.778531859248	1176.27507137927	1439.9569103971	1744.88191073357	2061.07538537969	2354.40845708577	2738.49282907579	3043.90497027568
8.5	625.237453305689	847.323617830151	1154.67003271242	1410.45563578645	1707.55389633137	2016.92901501431	2304.98389603052	2683.51369026115	2985.49901070763
8.75	623.846692034216	837.180611000203	1134.01262143454	1382.30089621672	1671.93923859823	1974.80572466455	2257.8287334101	2631.0919710383	2929.86581083351
9	622.376244673887	827.584541752241	1114.57782551035	1355.81372396703	1638.42030556744	1935.1569518746	2213.4616932936	2581.83786520799	2877.69057966627
9.25	621.11220005613	818.849635838932	1096.74358943066	1331.43825107441	1607.52688010096	1898.60807007521	2172.60122574927	2536.5967081081	2829.92309089995
9.5	620.345434104219	811.292022077714	1080.88517797603	1309.61248222895	1579.77960906227	1865.77351924389	2135.95442389058	2496.20370284828	2787.50535711482
9.75	620.322946118019	805.169364424379	1067.29733312451	1290.6750184759	1555.57790576952	1837.12420990702	2104.06461841238	2461.30455493836	2751.17008743029
10	621.266926213637	800.706944035794	1056.23009139699	1274.9089895086	1535.25329267523	1813.05064964716	2077.38361101206	2432.43968881224	2721.53449106446
10.25	623.324809160196	798.03454515537	1047.80677620479	1262.44368025934	1518.95130147767	1793.72354052634	2056.11179955272	2409.85662382507	2698.88988796846
10.5	626.546146945297	797.16037942403	1041.99315653454	1253.21898636249	1506.5895913987	1779.0443229195	2040.14081312493	2393.44102660865	2683.12260237894
10.75	630.926901248443	798.030052098648	1038.67719133512	1247.08267438644	1497.97568453696	1768.78430480683	2029.21258248692	2382.90196913981	2673.92007137219
11	636.295107746331	800.384435408607	1037.48660888866	1243.57265121165	1492.54616444563	1762.27669168567	2022.56537698824	2377.35457462948	2670.30058557212
11.25	642.44314940768	803.929315233527	1038.01221477586	1242.18642040338	1489.69120445709	1758.79993421457	2019.37310480592	2375.83436689601	2671.18860237249
11.5	649.181271569614	808.401387015146	1039.89240356307	1242.48199086234	1488.87553385199	1757.72063005554	2018.90951247489	2377.49061149106	2675.63218387546
11.75	656.326162047318	813.552574172134	1042.79172046777	1244.05170205818	1489.60677405185	1758.45612037302	2020.50538483286	2381.53630060585	2682.74708773657
12	663.731239907823	819.185677749299	1046.44484218939	1246.57392366554	1491.49697242931	1760.54722650239	2023.63256458714	2387.34819487141	2691.83051822977
12.25	671.299907010556	825.168806100428	1050.67317638769	1249.83194240079	1494.28470435187	1763.68434803377	2027.93437041418	2394.50379484944	2702.40403016751
12.5	678.920971507098	831.354995143209	1055.28154389707	1253.59056176063	1497.687212348	1767.53285666493	2033.0249462969	2402.54482898691	2713.94709870373
12.75	686.437607450926	837.543349012059	1060.00809334236	1257.53629154672	1501.32886836509	1771.64887517781	2038.39282243096	2410.86419315841	2725.77035887642
13	693.676095084234	843.515488544291	1064.57186280372	1261.33450491516	1504.809816569	1775.56021768449	2043.493571646	2418.81433028867	2737.13674576105
13.25	700.447121827861	849.034802300473	1068.66958799679	1264.62463293667	1507.69986059576	1778.75966233297	2047.74328416838	2425.70223659445	2747.25884848999
13.5	706.554439165331	853.858327936802	1071.9920493566	1267.04017627546	1509.56262050184	1780.73325634883	2050.55055257685	2430.82598325214	2755.33878792625
13.75	711.955172974308	857.928613149934	1074.46306141541	1268.49024335242	1510.29049768665	1781.35567906974	2051.77259500372	2434.01754218508	2761.18596748333
14	716.798135688693	861.416669594459	1076.28983172765	1269.21710951184	1510.17197277866	1780.96946652713	2051.80742515726	2435.75499087419	2765.34798584702
14.25	721.263029990284	864.529649884918	1077.72338547453	1269.51380324736	1509.55518343117	1779.98729767299	2051.13429750113	2436.61452281223	2768.48614747685
14.5	725.579793356874	867.53459544659	1079.08872942076	1269.75987589574	1508.89047440395	1778.9418748371	2050.37062965566	2437.33690325036	2771.44972983438
14.75	729.971730888762	870.689244630199	1080.69754969069	1270.31803183969	1508.60719617262	1778.34072416323	2050.10508867136	2438.63023913308	2775.05314766405
15	734.511168885837	874.072373297643	1082.64027937092	1271.29107725777	1508.82574473736	1778.32637450503	2050.50446303512	2440.69891713859	2779.53588768839
15.25	739.196012107279	877.675358870247	1084.90017770991	1272.65641183334	1509.51776739	1778.86570193451	2051.53235510031	2443.50417481813	2784.85922832147
15.5	743.989974966673	881.450118020725	1087.41285703955	1274.33609152443	1510.58953538257	1779.84843228644	2053.06296870316	2446.8997726339	2790.86086399397
15.75	748.81833505449	885.304498187112	1090.06109005102	1276.19104192245	1511.87529907065	1781.0793541924	2054.87197380549	2450.62057084834	2797.24115243067
16	753.632410901419	889.177951743236	1092.76744308891	1278.12927415713	1513.26544769851	1782.42952467747	2056.81141171916	2454.49210164462	2803.80340144611
16.25	758.467385210407	893.109009898979	1095.57637523712	1280.20144613847	1514.81935154161	1783.9691674628	2058.96332851291	2458.61474759722	2810.66532944593
16.5	763.372862129287	897.152942388956	1098.55255990946	1282.48162152243	1516.62391014161	1785.80089566377	2061.44729489275	2463.13421733146	2817.99720874665
16.75	768.393208879963	901.358403736769	1101.75201410821	1285.03341258706	1518.75342202153	1788.01247484552	2064.3660097278	2468.17693091071	2825.94843692624
17	773.569329169153	905.76973988418	1105.22516482046	1287.91369011648	1521.27404281794	1790.68204768196	2067.81121509368	2473.85679297474	2834.6549470867
17.25	778.904070002847	910.387021916932	1108.96867012198	1291.11675709642	1524.17800854671	1793.80061694284	2071.77382929882	2480.16676045656	2844.11384575701
17.5	784.35797674918	915.161480743383	1112.92032551486	1294.5687093621	1527.37719909086	1797.26453747084	2076.13516117076	2486.96786171666	2854.17016560012
17.75	789.889563226626	920.042640012501	1117.01657753359	1298.19448088316	1530.78238388586	1800.96887082636	2080.77479359481	2494.11837754144	2864.6649665415
18	795.458514509141	924.982238153748	1121.197483721	1301.92369733227	1534.31012880639	1804.81537617008	2085.57953438594	2501.48390533543	2875.446092715
