age	C0.4	C2	C10	C25	C50	C75	C90	C98	C99.6
6	370.974106750646	740.256353776778	1297.25205883506	1778.38564951358	2348.1174115216	2949.44987441584	3514.54186548614	4262.79956878469	4863.43611377084
6.25	347.455665031694	670.329935339658	1155.69891918642	1576.08582159479	2075.46950512236	2604.23893416365	3102.5349319839	3764.17907649309	4296.64476873375
6.5	319.003915076415	596.096027021328	1011.72819169079	1372.70596413134	1802.86130276848	2259.77134401076	2691.5547528063	3266.48715225594	3730.36922638256
6.75	288.933172878934	523.948026272236	876.023858370461	1182.65369393664	1549.17110856457	1939.70430346903	2309.79242422738	2803.96607740219	3203.73872965953
7	267.124401196314	471.023619423653	776.332406743035	1042.97256371989	1362.65297483862	1704.33456639715	2029.03092333623	2463.82446241286	2816.49972874916
7.25	254.953564714278	438.011405575145	712.13062156927	952.19131553377	1240.85628216803	1550.33106831696	1845.23897426816	2241.27214805948	2563.37822527716
7.5	246.481052177636	413.362217575329	663.373150333969	882.912127372446	1147.66294913929	1432.35602644982	1704.40066335966	2070.78255452091	2369.59278379118
7.75	235.91863167448	386.917499974261	613.298323972462	812.608700170702	1053.64177397715	1313.60201198281	1562.69953152991	1899.15086080776	2174.31918541294
8	225.853643411853	362.851267953193	568.421113625711	749.866887439497	969.896796709478	1207.90104551312	1436.58934155619	1746.37941481444	2000.46574549387
8.25	222.782976210568	351.165764196898	543.990618283801	714.599617881131	922.03891451706	1147.07314830321	1363.89482641526	1658.47959752761	1900.79845362265
8.5	233.044444949968	360.933043277081	553.197878028754	723.704315596489	931.554047713698	1157.67637571577	1376.1461312697	1673.8593796618	1919.48106984517
8.75	265.64052468455	404.777486454363	614.142717663681	800.220837517202	1027.61974703935	1275.7048669043	1516.05378014522	1844.5767096407	2116.4445812818
9	329.41121198673	494.44866011945	742.994692021059	964.351710585919	1235.51758719946	1532.16997431571	1820.36320501725	2215.4968366893	2543.5134689789
9.25	401.36786741209	594.110289593566	884.594519251118	1143.80294765572	1462.07854198224	1811.21802910604	2151.33757138104	2619.12817336784	3008.71446653076
9.5	430.359968525293	628.835950185059	928.149209838519	1195.718121599	1524.99831818557	1887.18018611336	2240.98173228244	2729.14572971214	3137.05556064383
9.75	414.341061593862	598.200707558395	875.611876528419	1124.01577577063	1430.37200295493	1768.23157767418	2099.19128641295	2557.33069184473	2941.47496196403
10	392.768282789101	560.762199275683	814.329448315268	1041.73045297346	1322.76570609551	1633.50922175574	1938.758274304	2362.72160637618	2719.48667967916
10.25	383.514598686787	541.900066409035	781.019875066717	995.762108866026	1261.67949964909	1556.46321560485	1846.85136969598	2251.56190550606	2593.40195529867
10.5	378.758044932906	530.043313428772	758.462060351687	963.848481198344	1218.66130981763	1501.85113918447	1781.61311223176	2172.89717665501	2504.69329464655
10.75	370.049475914136	513.236898533807	729.41130186425	923.99861558585	1165.84645582167	1435.2993065052	1702.2585497444	2077.00666785205	2396.09154562798
11	350.416437208889	481.98110385188	680.557085415963	859.467472599466	1082.20699345718	1330.9822234218	1578.17712267112	1926.50332748758	2224.38215406159
11.25	318.297318551311	434.440580433486	609.661777086003	767.64743912274	964.647798466211	1185.21034535846	1405.02538193162	1716.0010966234	1983.16623871968
11.5	299.844545970557	406.348039748565	566.9204794612	711.778393336191	892.674828780897	1095.69343297963	1298.6403360862	1586.9470575744	1835.85406788494
11.75	330.761616323748	445.313137861426	617.866268200264	773.586697683805	968.310647222566	1187.36560731493	1407.0269631334	1720.44371621812	1992.45150220507
12	423.702924114476	567.019051327226	782.655257370932	977.280642642951	1220.95115416859	1495.71026213042	1772.11517707163	2168.31785422151	2514.1157375271
12.25	530.473073712414	706.023106686019	969.783683831664	1207.81665851758	1506.15533331775	1843.33575781679	2183.66184228642	2673.88397366492	3104.34832015452
12.5	567.869565351079	752.065990745537	1028.33765925602	1277.565628522	1590.22550387058	1944.40037538352	2303.11082402861	2822.51943862929	3281.62712838594
12.75	529.731977240546	698.472453267443	951.034785738138	1178.71936926333	1464.57045706205	1789.1105195197	2118.98705939955	2599.32478637179	3026.95425180482
13	453.313288924526	595.409432207541	807.565608962045	998.631220668424	1238.64736665975	1511.76071978242	1790.40938441217	2198.60621986481	2564.87338561529
13.25	383.786072446752	502.431398250331	679.058590277869	837.908501618747	1037.5309071167	1265.18638696394	1498.37610540097	1842.21503701237	2153.40540208309
13.5	350.245566300901	457.28608503741	616.095058311832	758.665294607794	937.857354697281	1142.66568882284	1353.33274906078	1666.17369091532	1952.01361552292
13.75	351.611917718163	458.120478412044	615.515737080324	756.499802035047	933.681867410745	1136.63879830021	1346.33345495871	1660.15429982003	1949.92391968252
14	366.392433796672	476.712821962551	638.996400335074	783.957913321827	966.071299842831	1175.1348067762	1392.17077908734	1719.75550043114	2025.79491133728
14.25	376.902605858026	490.064737559455	655.653437821777	803.073037241206	988.14845926781	1201.07818809212	1423.26438637166	1761.78675349143	2082.20178226694
14.5	377.610066549683	491.060596240388	656.070672650757	802.387854816022	985.890026121893	1197.47322713904	1419.48278394411	1761.27354066795	2089.54855088571
14.75	366.738083960008	477.430642415186	637.320726414307	778.426019556202	955.139597834672	1159.34449746287	1374.90934095047	1710.64209760892	2038.44268307341
15	349.657065166483	456.150624077522	608.769664182519	742.706906027095	910.129616497737	1104.02778329619	1310.0680981936	1635.14357199797	1958.47624276965
15.25	334.13671221385	437.339025670171	583.92627295854	711.730463060876	871.10680111423	1056.1003428799	1254.11011933821	1571.07988855809	1893.03069304567
15.5	326.34458448233	429.141449235827	573.686091875579	698.75157339693	854.251689280064	1035.156916366	1230.34959849949	1547.95444884443	1878.31951565901
15.75	331.672023491969	438.908504439944	587.992088385657	715.847687255782	874.24243566933	1058.94280687235	1260.01269033276	1593.27470930267	1949.4476829402
16	349.67867785294	466.580713000401	627.047120211032	763.262509358076	931.2770709859	1127.66048144243	1343.58319461782	1709.03341052834	2111.88673449119
16.25	359.752056377203	485.161918260887	654.887475861321	797.271236528936	971.975997854071	1176.67892733301	1404.26897064028	1798.75498973988	2249.32273632622
16.5	340.212915887031	465.084321405857	631.462687251646	769.156100870879	937.055305322965	1134.28271335412	1356.32756811206	1751.82251451768	2222.36250641976
16.75	303.354631094287	421.906924183143	577.196386478772	703.727713535608	856.881160625531	1037.26231053049	1243.24015557435	1621.74765565886	2093.81406143666
17	271.512369985985	385.968994887834	533.170812913621	650.997486771837	792.378443863216	959.355780166188	1153.12142162374	1522.20726276298	2008.39536479063
17.25	253.05507212053	369.881920887035	517.260252474763	632.862713032348	770.162088934749	932.793993370224	1125.01217197109	1506.65861011267	2042.48789693473
17.5	247.679661793213	375.152927906836	532.826500432515	653.696780387387	795.539096195148	964.076349050957	1167.50291569895	1591.31146797893	2232.54243170671
17.75	253.649485414909	402.277413667589	582.639639530489	717.369140276701	873.267274406207	1059.12600450385	1288.94248702254	1795.33430277755	2632.33348714463
18	263.12126999184	443.333069843793	658.337808857385	814.329616201959	991.865385642692	1204.28968985846	1474.42216358386	2110.27529427503	3278.98166373745
