age	C0.4	C2	C10	C25	C50	C75	C90	C98	C99.6
6	449.323670628887	914.187374440865	1516.93240742025	1935.54421259627	2353.03208729439	2733.5518631271	3052.17582170491	3432.10581484145	3710.66148637406
6.25	465.356234749052	928.683307336419	1517.01823293618	1927.51405497236	2340.21199554883	2719.10054577156	3038.12234145492	3420.35850553112	3701.72779027751
6.5	485.210078710521	944.786681666164	1517.61093757936	1919.79733933427	2327.57456149795	2704.74016125443	3024.11857559158	3408.67313421889	3692.9162246059
6.75	509.014101186163	962.220298607937	1518.62262814722	1912.36853017157	2315.12290936467	2690.48685666264	3010.18750731743	3397.08014007686	3684.26419021574
7	536.66473942454	980.651830960544	1519.96861492802	1905.21450050872	2302.88051885089	2676.38419942888	2996.3853717768	3385.65019442023	3675.85458707248
7.25	567.771834561071	999.714262832098	1521.54571808201	1898.29178871007	2290.82900362789	2662.42361296245	2982.70767985529	3374.38308398355	3667.69214212348
7.5	601.632776275452	1019.03043054114	1523.2518700873	1891.55551474733	2278.94782534428	2648.59420734521	2969.14753821725	3363.27611781286	3659.77918691265
7.75	637.2895797028	1038.23929902019	1524.99074722664	1884.96190301437	2267.21625774007	2634.88468753325	2955.69765395446	3352.32633185069	3652.11805152607
8	673.659091019227	1057.01985284626	1526.67572076507	1878.47002079426	2255.61423794946	2621.28381571897	2942.35061276825	3341.53063546313	3644.71116058708
8.25	709.695725209299	1075.10925500047	1528.23319928039	1872.04339483725	2244.123216984	2607.78090248171	2929.09919254269	3330.8859940354	3637.56116503623
8.5	744.53144244397	1092.31336729986	1529.60521293037	1865.65163384353	2232.7273124982	2594.36675328473	2915.9372315035	3320.39027312734	3630.6718130491
8.75	777.554052633336	1108.50839738401	1530.74992020946	1859.27060246195	2221.41308774615	2581.03313499812	2902.85886849085	3310.04123941991	3624.04680319856
9	808.417803386639	1123.63546638276	1531.64156197469	1852.8831978416	2210.17059034203	2567.77395421537	2889.85983496334	3299.83800558702	3617.69137070579
9.25	837.003413507263	1137.68887775976	1532.26825312101	1846.47850839349	2198.99286712116	2554.5848259143	2876.93700101898	3289.78052183637	3611.61174900605
9.5	863.353558122564	1150.70123252427	1532.62892035596	1840.05069048437	2187.87551891959	2541.46287553192	2864.08828187821	3279.8695597325	3605.81521547968
9.75	887.606072597036	1162.72822293807	1532.72980459435	1833.59752563743	2176.81601749109	2528.4063410044	2851.31235742837	3270.1065108634	3600.3099489687
10	909.939296048541	1173.83570136567	1532.58123102851	1827.11901784099	2165.81302181005	2515.41417951021	2838.60840990756	3260.4932237099	3595.1049439084
10.25	930.535875974387	1184.09066464482	1532.19517807852	1820.61629336063	2154.86582584119	2502.48574438436	2825.97590738946	3251.03187210005	3590.20995373811
10.5	949.564336401579	1193.55635126802	1531.58380885611	1814.09089880709	2143.97398571645	2489.6205497943	2813.41443087429	3241.72483320667	3585.63542882798
10.75	967.173208787628	1202.29042447474	1530.75876867809	1807.54442404484	2133.13709588335	2476.8181104732	2800.92354138379	3232.5745793865	3581.39245827852
11	983.491559421645	1210.3447951041	1529.73087127257	1800.97824852815	2122.35456986568	2464.0777262408	2788.50255634386	3223.58344504151	3577.49256800271
11.25	998.631735530087	1217.76625730884	1528.51022302375	1794.39366462379	2111.62580035793	2451.39867477905	2776.15076973883	3214.75388975317	3573.94806368698
11.5	1012.69211889617	1224.59716225933	1527.10634880431	1787.79198101592	2100.95029297394	2438.78038169768	2763.86765798221	3206.08876400045	3570.77239843784
11.75	1025.75939459627	1230.87596517068	1525.52822055199	1781.17449145695	2090.32761709929	2426.22235595296	2751.65280130496	3197.59122333873	3567.98013962968
12	1037.91040520797	1236.63773075119	1523.78434247808	1774.54252259145	2079.75745785309	2413.72425028025	2739.50595338218	3189.26482360514	3565.58715089067
12.25	1049.21364131923	1241.91455074166	1521.88281037653	1767.89745752785	2069.23964132937	2401.28589262593	2727.42708037248	3181.11358538341	3563.61075191783
12.5	1059.73041014044	1246.73583431868	1519.83126945677	1761.24063555495	2058.77400276654	2388.9071223323	2715.41616613181	3173.14177075479	3562.06955315012
12.75	1069.51582562503	1251.12860093656	1517.63694394837	1754.57334924861	2048.36037984785	2376.58778195317	2703.473202994	3165.35388832237	3560.98356470816
13	1078.61962068179	1255.11772375389	1515.30665427176	1747.89683177936	2037.99859552667	2364.3276970951	2691.59816850153	3157.75468166974	3560.37429747252
13.25	1087.0867732524	1258.72608004701	1512.84676067648	1741.2121633559	2027.68834796778	2352.12654993221	2679.79088248211	3150.34898078732	3560.26472551978
13.5	1094.95811842253	1261.97478298773	1510.26323599774	1734.52032834635	2017.42927495605	2339.98395339454	2668.05109064398	3143.14181769896	3560.67955998977
13.75	1102.27082807029	1264.88333926566	1507.56167767183	1727.82220660211	2007.22094426759	2327.89944256005	2656.37845717702	3136.13844205456	3561.64543355125
14	1109.05882207504	1267.46978976541	1504.74732038446	1721.11856620827	1997.06284407917	2315.87246424069	2644.77255355839	3129.34433186018	3563.19109949037
14.25	1115.35318789334	1269.75090796684	1501.82513227856	1714.41015011583	1986.9544778372	2303.90248246459	2633.23297438928	3122.76534874583	3565.34781388016
14.5	1121.1825105708	1271.74233867585	1498.79985837788	1707.69770585192	1976.89539560419	2291.9890132736	2621.75937565893	3116.40780861351	3568.14965508717
14.75	1126.57312759698	1273.45868626188	1495.67601966181	1700.98196759409	1966.8851724173	2280.13160088203	2610.35144919081	3110.27848460665	3571.63380560718
15	1131.54940975229	1274.91365968486	1492.45798921315	1694.2637255255	1956.92348503096	2268.32990441614	2599.00901970206	3104.38475247285	3575.84103123434
15.25	1136.13393540063	1276.12012132799	1489.14996716009	1687.54378296634	1947.01006152263	2256.58364083311	2587.73198150578	3098.73455572855	3580.81600830813
15.5	1140.34768514849	1277.09017737757	1485.75601120464	1680.82297560661	1937.14469957041	2244.89260333636	2576.5203170242	3093.33646439035	3586.60780689207
15.75	1144.21020569761	1277.8352510866	1482.28005640665	1674.10218088428	1927.32727509682	2233.25667054337	2565.37410662777	3088.19973025636	3593.27043825
16	1147.73974652219	1278.36614076228	1478.72592596405	1667.38232007998	1917.55774541697	2221.67581302681	2554.29353986135	3083.3343563032	3600.8635052818
16.25	1150.95346971201	1278.6931685507	1475.09744890166	1660.66447794146	1907.83628233611	2210.15024390499	2543.27908519215	3078.75135132173	3609.45315240036
16.5	1153.86744229175	1278.82610002409	1471.39832270545	1653.94974019003	1898.16308741496	2198.68020957441	2532.33125561767	3074.46251926484	3619.11260162166
16.75	1156.49670854653	1278.77416091586	1467.63209152668	1647.23916035089	1888.53835324294	2187.2659455874	2521.45055914785	3070.48046943163	3629.923072857
17	1158.85537214363	1278.54607233597	1463.80214987009	1640.53375588331	1878.96225817188	2175.90767069368	2510.6374922299	3066.81868413493	3641.97493351607
17.25	1160.95657786033	1278.14998164942	1459.91163041598	1633.83437498734	1869.43481275952	2164.60540864665	2499.89233356632	3063.49134908568	3655.36876372736
17.5	1162.81257208343	1277.59348665187	1455.96340299138	1627.1416893974	1859.95585139214	2153.35897858419	2489.21513214803	3060.51342850029	3670.21695278201
17.75	1164.43482297123	1276.88372831128	1451.96015158999	1620.45627200868	1850.52511669802	2142.16808700056	2478.60580528781	3057.90087152678	3686.64573624414
18	1165.83311143063	1276.02629453359	1447.90299030208	1613.77692724236	1841.14016997934	2131.02964635857	2468.06069098952	3055.66575225925	3704.79058353165
