age	C0.4	C2	C10	C25	C50	C75	C90	C98	C99.6
6	419.272349205141	677.206937878139	1012.75232039047	1275.90007961612	1567.37975070818	1858.01142510636	2118.95898087259	2450.14144489759	2706.24147762797
6.25	410.483020263798	650.644181145926	965.064687276304	1213.33661503542	1489.78342009196	1766.69383742085	2016.24477330917	2334.05522408266	2580.55776158504
6.5	400.354786743471	623.275699369464	917.116225444463	1150.72068717679	1412.19598158854	1675.31740455751	1913.32986814672	2217.50575804159	2454.15908763889
6.75	390.865206403485	598.188668994669	873.411406041238	1093.69327349562	1341.53891767854	1592.09700551268	1819.60110916752	2111.37870266717	2339.09736122781
7	388.796440889355	585.479536563787	848.471241111325	1060.36761648829	1300.01029202786	1543.39637813749	1765.23003358989	2050.75858591133	2274.31126610043
7.25	397.20656090441	589.099554092154	847.55600208462	1057.16479717859	1295.43587919092	1538.54960914137	1760.98582329204	2048.33444696198	2274.04327343581
7.5	413.707257882709	604.848043462504	864.151126455825	1075.80075745023	1317.61512775577	1565.48760720955	1793.15561519078	2088.35104503014	2320.99094904769
7.75	434.685525541829	627.0378735131	889.833722923808	1105.68684193848	1353.54661574754	1608.7940094405	1844.15042957485	2150.45998267923	2392.67275726441
8	458.096647913087	652.540343784715	920.024912397042	1141.08366870841	1396.18817295666	1660.11473355525	1904.43092124052	2223.61183450341	2476.86963365326
8.25	482.853663592936	679.738739345591	952.387203294784	1179.07008146679	1441.95813612711	1715.19916557218	1969.14021607366	2302.17648635373	2567.35303731633
8.5	510.85119211362	711.243539858317	990.529675391647	1224.09521632696	1496.29102609456	1780.51898835809	2045.72612141371	2394.9002411026	2673.91832861032
8.75	549.265020951661	756.833950967916	1047.90402390723	1292.7191443989	1579.40759939954	1880.15785267833	2161.9114584291	2534.34548449515	2833.03246532926
9	600.769773356112	819.776204024712	1128.69786497627	1389.97962439413	1697.41883362653	2021.43417389797	2326.21523297016	2730.71308423759	3056.31771766797
9.25	641.470923309767	867.329721015556	1187.7183871736	1460.17562039536	1782.28682487238	2123.34052174777	2445.46082528609	2874.72105345691	3221.56501160855
9.5	638.582373669034	856.002009319363	1166.08970788285	1431.18899070748	1746.0745958046	2081.02497300487	2398.68527994009	2823.76104408213	3168.54862979519
9.75	590.85569593395	785.5997438997	1064.7885858215	1304.7101533284	1591.01591789442	1896.9787399671	2188.35400685716	2579.90116381241	2898.74264602777
10	519.154640938404	684.971940307124	923.87400848063	1130.21467412791	1377.58199260666	1643.15994066912	1897.13565732881	2239.88717366852	2520.1143930261
10.25	452.05544412801	592.109897370638	794.858031616043	970.838292662046	1182.77132595638	1411.3626535818	1630.89115566794	1928.44281358326	2172.71234896745
10.5	418.559014294981	544.460380933507	727.556513141247	887.246934691527	1080.43115078029	1289.76742323733	1491.66061509469	1766.51746598316	1993.1000097406
10.75	431.771861829585	557.974886470937	742.319756384514	903.858107147032	1100.15242283503	1313.84662027902	1520.82796673868	1803.8755228616	2038.20686574023
11	477.747466915111	613.549856427759	812.759132420193	988.128236406409	1202.17370928409	1436.27493476932	1664.00425708987	1976.84339726417	2236.96865801737
11.25	537.805035128524	686.590295448147	905.737199688558	1099.52816292642	1337.09689997358	1598.13271876914	1853.17248034314	2205.15033332693	2499.12366744099
11.5	597.471876688253	758.459718294119	996.51512423277	1207.9556295796	1468.28850094115	1755.66655936652	2037.6800562754	2428.71433707812	2756.79499507406
11.75	643.306094092252	812.245863296792	1063.01044063729	1286.70071145863	1563.30285339062	1870.05993127397	2172.42777289892	2593.68856030873	2948.77450681314
12	669.160820625389	840.543214683268	1095.86793477958	1324.58826911244	1608.61795086138	1925.07733284415	2238.40603396578	2677.05788336568	3048.56232750843
12.25	682.878209896585	853.552934643577	1108.72569236506	1338.25535955424	1624.49611674728	1944.90291531731	2263.57340973964	2711.90643289798	3093.45768188372
12.5	692.413468369377	861.394312276307	1114.90127047435	1343.85615270774	1630.57730631297	1953.01578450169	2275.16859335957	2730.67610141695	3120.26262475148
12.75	697.988601944766	864.41030521189	1114.90652232478	1342.03983483192	1627.66181078746	1950.36002855989	2274.25471690042	2734.56300066998	3130.26045425209
13	699.17095013084	862.125715217885	1108.19136356309	1332.1746445565	1614.99548257237	1936.01776982322	2259.72484654214	2722.15494908336	3121.74832573779
13.25	703.222458390166	863.51760507217	1106.32012664177	1328.17511184656	1609.45219424511	1930.21059716157	2255.16515879315	2721.82894079808	3127.23246806829
13.5	721.150457661337	881.996200216966	1126.36715086055	1350.48914214589	1635.79033508297	1962.65527963859	2295.35976578198	2775.72033472371	3195.30298685191
13.75	751.258534125727	915.291853653743	1165.2340257229	1395.30501578922	1689.35407957582	2027.81368508413	2373.96126397764	2876.46351542413	3317.84337882439
14	774.304893014672	939.884923248038	1192.89918210172	1426.63445513959	1726.55494763092	2073.38502735099	2429.79847982627	2950.08281879	3409.70328603976
14.25	770.003925283749	931.33887602598	1178.54482623376	1407.7189412343	1702.94640611716	2045.94496883812	2400.13110390529	2920.09273641588	3382.12901944843
14.5	726.124693479678	875.254682633417	1104.37010983726	1317.50752590622	1593.14978888323	1914.89174593278	2248.75471010947	2741.70761117843	3182.38511741009
14.75	643.413465375153	772.99220377719	972.586888332315	1158.89220417199	1400.76783270155	1684.41721364675	1980.20713162327	2419.5095962051	2814.65489627398
15	560.00201317249	670.635819728602	841.478893357082	1001.4780048884	1209.99970225816	1455.68002186341	1713.15373742078	2097.83696792676	2446.04910430094
15.25	512.698957077842	612.096093631807	765.963791019189	910.536180019488	1099.67128063384	1323.55486605962	1559.36700287261	1913.83332042433	2236.78360807954
15.5	508.444743826087	605.21032401859	755.361790134121	896.895446476414	1082.75551523222	1303.79450658345	1537.7939746507	1891.71958680553	2216.33439982038
15.75	537.850891385096	638.370694360648	794.7097979113	942.540714722918	1137.39857465285	1370.2265399421	1617.97118202952	1995.05773435385	2343.29222906075
16	592.067062520827	700.76336921983	870.201615272911	1030.9151867658	1243.54218366954	1498.79576261657	1771.81016024034	2190.03989494123	2578.99741586832
16.25	649.009496802918	766.090275815044	949.000235860865	1123.01997995994	1354.10121281263	1632.81355318299	1932.47874631219	2394.55411467066	2827.40896871876
16.5	680.708222371904	801.411191462405	990.384396129708	1170.71054880603	1411.04302517201	1702.2783179159	2017.06235165896	2505.70647031662	2966.86879105195
16.75	693.625833524054	814.555219440194	1004.27867922297	1185.85311902654	1428.72852585743	1724.43245922017	2045.75188420281	2547.953988814	3025.55452608457
17	714.236921811488	836.704594324593	1029.23302260286	1214.02461009043	1462.09434754032	1765.54734744557	2097.06412240457	2618.82152027808	3118.94560384368
17.25	758.297962877432	886.20973814728	1087.69640090865	1281.63592620483	1542.91735738799	1864.04110407601	2216.77250306828	2775.87412723354	3316.16179677256
17.5	829.395945195148	967.065863093338	1184.34408070207	1394.06825938339	1677.61809222054	2027.75807949794	2414.47653829808	3031.90848671647	3633.57474664202
17.75	931.165817968308	1083.2983342639	1323.8566125267	1556.6898808434	1872.59221115764	2264.52885584978	2699.81502491861	3399.95170356263	4088.1188099282
18	1063.01799229148	1234.00431932123	1504.87454131176	1767.75544994344	2125.67229935051	2571.84014183273	3070.1366493998	3877.70268647286	4678.5531061256
