age	C0.4	C2	C10	C25	C50	C75	C90	C98	C99.6
6	458.496616954351	650.572760125607	898.467641431103	1093.34984041603	1309.87811214655	1526.40638387707	1721.28858286199	1969.18346416749	2161.25960733875
6.25	456.544714639683	648.302648433663	895.786846379384	1090.34618724067	1306.51574015597	1522.68529307127	1717.24463393255	1964.72883187827	2156.48676567225
6.5	454.592812325014	646.032536741718	893.106051327665	1087.3425340653	1303.15336816539	1518.96420226547	1713.20068500311	1960.27419958905	2151.71392400576
6.75	452.640210961957	643.761883710392	890.424918476967	1084.33870310395	1299.79099617487	1515.24328924578	1709.15707387276	1955.82010863934	2146.94178138777
7	450.685326443552	641.489462615629	887.742682344235	1081.33429147749	1296.42862418459	1511.52295689169	1705.11456602495	1951.36778575356	2142.17192192563
7.25	448.728130948326	639.215251912674	885.059329485496	1078.32929211038	1293.06625219478	1507.80321227919	1701.07317490407	1946.91725247689	2137.40437344124
7.5	446.768639942458	636.939263578546	882.374867374629	1075.32370893634	1289.70388020583	1504.08405147532	1697.03289303704	1942.46849683312	2132.63912046921
7.75	444.806867155188	634.661508245192	879.689302646195	1072.31754544741	1286.34150821818	1500.36547098894	1692.99371379016	1938.02150819116	2127.87614928116
8	442.842818569864	632.381990546111	877.002638191565	1069.31080316539	1282.97913623191	1496.64746929844	1688.95563427226	1933.57628191772	2123.11545389396
8.25	440.876566312337	630.100778853619	874.314937538719	1066.30354180988	1279.61681973529	1492.93009766071	1684.91870193186	1929.13286061696	2118.35707315825
8.5	438.907913637571	627.817683311226	871.626019721571	1063.29558740397	1276.25439251688	1489.21319762979	1680.8827653122	1924.69110172254	2113.6008713962
8.75	436.937102601766	625.532928750788	868.936087342117	1060.2871250737	1272.89202028564	1485.49691549757	1676.84795322916	1920.25111182049	2108.84693796951
9	434.964098623662	623.246476037723	866.245095389217	1057.27810518808	1269.52964827758	1481.78119136709	1672.81420116595	1915.81282051745	2104.09519793151
9.25	432.988941915796	620.958356275707	863.553063210593	1054.26853785289	1266.16727633006	1478.06601480723	1668.78148944953	1911.37619638442	2099.34561074433
9.5	431.011675242106	618.668602556679	860.860011415423	1051.25843386402	1262.80490433566	1474.3513748073	1664.7497972559	1906.94120611464	2094.59813342922
9.75	429.032340656509	616.377247469505	858.165960376912	1048.24780399135	1259.44253239427	1470.63726079718	1660.71910441162	1902.50781731902	2089.85272413202
10	427.050980071587	614.084323449109	855.470930298049	1045.23665882174	1256.08016040854	1466.92366199534	1656.68939051904	1898.07599736798	2085.1093407455
10.25	425.067632931268	611.789860747895	852.774939568592	1042.22500741915	1252.7177870808	1463.21056674245	1652.66063459301	1893.64571341371	2080.36794123034
10.5	423.082344306791	609.493895295313	850.078012319527	1039.21286463923	1249.35541696111	1459.49796928299	1648.63282160269	1889.21693862691	2075.62848961543
10.75	421.095133042693	607.196440438904	847.380154803932	1036.20023115775	1245.99304452845	1455.78585789915	1644.60593425297	1884.789648618	2070.89095601421
11	419.105986130503	604.897486733509	844.681362175487	1033.18710574376	1242.63067256882	1452.07423939387	1640.57998296214	1880.36385840412	2066.15535900713
11.25	417.114876601505	602.597013192279	841.981621167585	1030.1734811999	1239.26830062824	1448.36312005657	1636.55498008889	1875.93958806419	2061.42172465497
11.5	415.121777242069	600.294998739107	839.280918625246	1027.1593505984	1235.90592869777	1444.65250679715	1632.5309387703	1871.51685865644	2056.69008015348
11.75	413.126660811878	597.991422279489	836.579241385805	1024.14470701217	1232.54355677857	1440.94240654497	1628.50787217133	1867.09569127765	2051.96045274526
12	411.129516917611	595.686275764922	833.876584426991	1021.12954779802	1229.18118487074	1437.23282194346	1624.48578531449	1862.67609397655	2047.23285282387
12.25	409.130356204379	593.379567441222	831.172952898076	1018.11387567087	1225.81881298448	1433.52375029808	1620.46467307088	1858.25805852773	2042.50726976458
12.5	407.129190730184	591.071306638756	828.468352609122	1015.09769367331	1222.45644108749	1429.81518850167	1616.44452956586	1853.84157553623	2037.7836914448
12.75	405.126032952418	588.761503011409	825.762789595786	1012.08100499653	1219.09406921057	1426.1071334246	1612.42534882534	1849.42663540972	2033.06210546871
13	403.120895358402	586.450166247104	823.056269933067	1009.06381287524	1215.73169743263	1422.39958199003	1608.4071249322	1845.01322861816	2028.34249950686
13.25	401.113789443054	584.137305172887	820.348799004835	1006.04611998644	1212.36932542321	1418.69253085997	1604.38985184158	1840.60134567353	2023.62486140336
13.5	399.104727238984	581.82292920651	817.640382854089	1003.0279297201	1209.00695362449	1414.98597752889	1600.3735243949	1836.19097804248	2018.90918001
13.75	397.093724913325	579.507050808194	814.931029156882	1000.00924599118	1205.64458177266	1411.27991755413	1596.35813438844	1831.78211273713	2014.19543863199
14	395.080804630088	577.18968715433	812.220748652547	996.990074478551	1202.28220992399	1407.57434536942	1592.34367119543	1827.37473269364	2009.48361521789
14.25	393.065980936183	574.870849509781	809.509548370108	993.970418881228	1198.91983807764	1403.86925727405	1588.33012778517	1822.96882664549	2004.77369521909
14.5	391.049245543688	572.550531456346	806.797424304444	990.950277091129	1195.55746623327	1400.16465537541	1584.3175081621	1818.5644010102	2000.06568692286
14.75	389.030584463374	570.228722160788	804.084369695464	987.929645550263	1192.19509439066	1396.46054323106	1580.30581908586	1814.16146662054	1995.35960431795
15	387.009970849588	567.90540083107	801.370371563973	984.908517421489	1188.83272253694	1392.75692765239	1576.2950735099	1809.7600442428	1990.65547422429
15.25	384.987371919622	565.580542142163	798.655414209875	981.886884571338	1185.4703509457	1389.05381732006	1572.28528768152	1805.36015974923	1985.95332997177
15.5	382.962759515759	563.254124121361	795.939483642886	978.864739284893	1182.10797887442	1385.35121846395	1568.27647410595	1800.96183362748	1981.25319823308
15.75	380.936109788045	560.926128460018	793.222568706013	975.842076027428	1178.74560703512	1381.64913804281	1564.26864536422	1796.56508561021	1976.55510428219
16	378.907398187376	558.596536095907	790.504657418433	972.818888385149	1175.38323519937	1377.9475820136	1560.26181298032	1792.16993430284	1971.85907221137
16.25	376.876596252998	556.265324988668	787.785736025992	969.795169118095	1172.02086336497	1374.24655761185	1556.25599070395	1787.77640174128	1967.16513047695
16.5	374.843675512917	553.932473089788	785.065790770368	966.770910985266	1168.65849153212	1370.54607207898	1552.25119229388	1783.38450997446	1962.47330755133
16.75	372.808611194207	551.597961215274	782.344809680689	963.746107686372	1165.29611970097	1366.84613171557	1548.24742972125	1778.99427818667	1957.78362820774
17	370.771380442982	549.261771667222	779.622781713398	960.720753409162	1161.93374787162	1363.14674233408	1544.24471402985	1774.60572407602	1953.09611530026
17.25	368.731964964324	546.9238902781	776.899698027799	957.694843500625	1158.57137604389	1359.44790858715	1540.24305405998	1770.21886180968	1948.41078712346
17.5	366.690351327233	544.584306646906	774.175552133425	954.668374544554	1155.20900421729	1355.74963389003	1536.24245630116	1765.83370178768	1943.72765710735
17.75	364.64653261404	542.24301541653	771.450340687235	951.641344781268	1151.84663239138	1352.05192000149	1532.24292409552	1761.45024936622	1939.04673216871
18	362.600608870498	539.900094061804	768.724112033868	948.613779654744	1148.48426056582	1348.3547414769	1528.24440909778	1757.06842706984	1934.36791226115
