age	C0.4	C2	C10	C25	C50	C75	C90	C98	C99.6
6	350.873930887846	526.155766891078	747.654522667492	918.348288252618	1105.16553527685	1289.52974847291	1453.69578593215	1660.44653209579	1819.24396590886
6.25	366.119067173253	534.325232851599	749.205930089811	916.431064356931	1100.7883968416	1283.87857023612	1447.74139380606	1655.08473226856	1814.99596893583
6.5	380.638552258367	542.08970915888	750.642899186484	914.49261091224	1096.41820678862	1278.22752422442	1441.7742772774	1649.70462581618	1810.74283162901
6.75	394.351082111764	549.436189664394	751.959665642148	912.530905324628	1092.05753520203	1272.58312569167	1435.80380902446	1644.31882452633	1806.49997737875
7	407.223912234275	556.361304333233	753.154216856275	910.54871455686	1087.71637114967	1266.96260073765	1429.85331928397	1638.95825628034	1802.30466599882
7.25	419.276488244222	562.878867447044	754.227873150817	908.544950987483	1083.39381720666	1261.36568759273	1423.92288431972	1633.62339111735	1798.15820564082
7.5	430.551796501285	569.008359607451	755.183777168301	906.519345305272	1079.08919314506	1255.79197961653	1418.01219611341	1628.31405986714	1794.06110887702
7.75	441.10386628887	574.771813824367	756.026125177703	904.472246741608	1074.80217755054	1250.24131058256	1412.12113682565	1623.03025219936	1790.01405867296
8	450.989351191271	580.191787309534	756.759673867023	902.404450986002	1070.53278076662	1244.7137990998	1406.24986483258	1617.77224310685	1786.01806294953
8.25	460.262555373863	585.290081188343	757.389353543541	900.317003184062	1066.28122645678	1239.20975973493	1400.39873684878	1612.5405202375	1782.0743839736
8.5	468.973052514033	590.086970173952	757.919857594798	898.210850734677	1062.04760721416	1233.72933239171	1394.56790345047	1607.33532970523	1778.1840439774
8.75	477.165304141051	594.601224328613	758.355804803672	896.087088197205	1057.83220095572	1228.27285846861	1388.75773521765	1602.15716399364	1774.34836181597
9	484.878797635506	598.849950657272	758.701452072441	893.946631458322	1053.63510369234	1222.8404667752	1382.96836368501	1597.00624335269	1770.56838830002
9.25	492.1486759714	602.848782959429	758.9607659164	891.790289653249	1049.45631368426	1217.43216877056	1377.19978535298	1591.88262969843	1766.84502839176
9.5	499.006353206445	606.612061240252	759.137479031407	889.618819077398	1045.29579769834	1212.04793863258	1371.45195456451	1586.78633629448	1763.17916587091
9.75	505.480042608081	610.152981952668	759.23512078425	887.432941884893	1041.15351053207	1206.68773451187	1365.72480612922	1581.71735181223	1759.57168992847
10	511.595187245233	613.48371736893	759.257031789232	885.233349282389	1037.0293985825	1201.35150365309	1360.0182619088	1576.67564879469	1756.02350684459
10.25	517.374796618502	616.61549107222	759.206339910335	883.020659299137	1032.92334831422	1196.03912173638	1354.3321611931	1571.66110150626	1752.53544910981
10.5	522.839740093159	619.558659177744	759.085959985088	880.795404259926	1028.83517037032	1190.75037408205	1348.6662387878	1566.67345921936	1749.10824626239
10.75	528.009011848553	622.322805048927	758.898626266697	878.558059594687	1024.76463429637	1185.48499731485	1343.02017289022	1561.71240168642	1745.74258796346
11	532.899924387303	624.916780341299	758.646864418894	876.308999875415	1020.71141507547	1180.24261655901	1337.3935132213	1556.77745467854	1742.43903110048
11.25	537.528324771494	627.34880675691	758.333052605359	874.048562636436	1016.67516891806	1175.02283477913	1331.78578307302	1551.86810858343	1739.19813367038
11.5	541.908787517573	629.626568678189	757.9594733464	871.777098431836	1012.65558966685	1169.82529737055	1326.19655219479	1546.98390303034	1736.02055188697
11.75	546.054744213992	631.757253098838	757.528310765294	869.494960278706	1008.65239640633	1164.64967872187	1320.6254224103	1542.12441110419	1732.90702570134
12	549.978666887188	633.747669887147	757.041753529081	867.202618185013	1004.66547020389	1159.49584551769	1315.07221824069	1537.28946971256	1729.85864692606
12.25	553.69219670885	635.604317250337	756.502030860092	864.900692658204	1000.694891756	1154.36390082396	1309.53703851351	1532.47924354547	1726.87693832415
12.5	557.206140929167	637.333304210694	755.91127865555	862.589790838192	996.740746027666	1149.2539540617	1304.01999171078	1527.6939113498	1723.96350103152
12.75	560.530532824411	638.940360803158	755.271522192284	860.270482938878	992.803096579199	1144.16609391328	1298.52116775515	1522.93363654651	1721.11998802794
13	563.674712321351	640.430875883532	754.584689454217	857.943309466517	988.881989904801	1139.10038975442	1293.0406362994	1518.19856070269	1718.34809694666
13.25	566.64734394499	641.809872107791	753.852555976904	855.608713135462	984.977375511798	1134.05679854548	1287.57833990453	1513.48867628739	1715.64942836966
13.5	569.456496309373	643.082057486961	753.076783982042	853.267079566245	981.08915279518	1129.03521912516	1282.1341556638	1508.80389845579	1713.02557038236
13.75	572.109704002396	644.251860413896	752.258942552323	850.918755398633	977.217190382113	1124.03551325576	1276.7079177087	1504.14408911403	1710.47812805115
14	574.614007128075	645.323444012092	751.400506335196	848.564043074498	973.361319571731	1119.05749785961	1271.29940797521	1499.50904497179	1708.00871337722
14.25	576.976009666267	646.300746455509	750.502888330109	846.203236309413	969.521376993944	1114.10099681093	1265.90841772621	1494.89857377754	1705.61904026721
14.5	579.201919827394	647.187503001418	749.567451455462	843.836630700761	965.697217530115	1109.16585741915	1260.53476816356	1490.31252174393	1703.3109644489
14.75	581.297578799732	647.987256143128	748.59550536838	841.464515787546	961.888703161045	1104.25193585058	1255.17829215113	1485.75074948084	1701.08646002818
15	583.268496231749	648.703376861433	747.588319449088	839.087187488048	958.095717810706	1099.35911564296	1249.83885705428	1481.2131621775	1698.9476638859
15.25	585.119872422491	649.339072008735	746.547119192789	836.704940482478	954.3181570945	1094.48729468979	1244.5163487565	1476.69968903016	1696.89685798837
15.5	586.856614292931	649.89738685432	745.473078567008	834.318056779167	950.555914437445	1089.63636889895	1239.21065277308	1472.21026058137	1694.93645111136
15.75	588.483360991677	650.381220133309	744.367328066587	831.92681243445	946.808888413863	1084.80624074905	1233.92166423653	1467.74482115939	1693.06900230419
16	590.004510732242	650.793341212213	743.230965010905	829.531485958075	943.076990615261	1079.99682657986	1228.64929422827	1463.30333304761	1691.29723140706
16.25	591.424259537538	651.136421437573	742.065080658199	827.132385640297	939.360175163808	1075.20808892382	1223.39350496093	1458.8858156956	1689.62407150153
16.5	592.746590550054	651.413013177866	740.870730119176	824.729814985657	935.658400378013	1070.43999428049	1218.15426366352	1454.49229401693	1688.052623
16.75	593.975273278772	651.625540117902	739.64891462306	822.324050962514	931.971603441261	1065.69248368354	1212.93150854527	1450.12275668799	1686.58611561121
17	595.113882395231	651.77631030595	738.400590890359	819.915353202687	928.299711087106	1060.96548555631	1207.72516405881	1445.77717519892	1685.22794360502
17.25	596.165793233022	651.867504587571	737.126653385044	817.503943485331	924.642617083702	1056.25889120164	1202.53511433689	1441.45547416236	1683.98164688853
17.5	597.134191322472	651.901180679916	735.827934095767	815.090004177774	921.000180346694	1051.57255277596	1197.36120096444	1437.15752857072	1682.85092249265
17.75	598.022107888889	651.879304227883	734.505229958838	812.67370419095	917.372249542407	1046.90630531547	1192.20324060677	1432.88317072345	1681.83963254883
18	598.832377081636	651.803630807763	733.159054924114	810.254810938604	913.758059649603	1042.25905192689	1187.05970255226	1428.63005883319	1680.94868076514
