age	C0.4	C2	C10	C25	C50	C75	C90	C98	C99.6
6	268.399414164891	315.337842271573	375.916922380435	423.541077755996	476.454971943393	529.368866130791	576.993021506351	637.572101615213	684.510529721896
6.25	267.832333640492	314.725023606101	375.245073734115	422.822822776422	475.685156158425	528.547489540429	576.125238582736	636.64528871075	683.537978676359
6.5	267.265253116094	314.112204940629	374.573225087795	422.104567796849	474.915340373457	527.726112950066	575.25745565912	635.718475806286	682.565427630821
6.75	266.698313339172	313.499498856568	373.901452671557	421.386360469813	474.145540489301	526.904720508789	574.389628307045	634.791582122034	681.59276763943
7	266.132167912227	312.88742640246	373.230106458827	420.668416278289	473.375822560272	526.083228842255	573.521538661717	633.864218718084	680.619477208317
7.25	265.567541507883	312.276573429769	372.559593137462	419.951001060924	472.606295931324	525.261590801724	572.652998725186	632.936018432879	679.645050354765
7.5	265.005371558057	311.66773071686	371.890514213675	419.234567527906	471.837247989455	524.439928451003	571.783981765234	632.006765262049	678.669124420852
7.75	264.44658953442	311.061690253024	371.223481659774	418.519586131455	471.068991947793	523.618397764131	570.914502235813	631.076293642562	677.691394361166
8	263.89154964466	310.458758015697	370.558739206876	417.806251667836	470.30166823243	522.797084797024	570.044597257984	630.144578449163	676.7117868202
8.25	263.340265662795	309.858953019849	369.896312633961	417.094595233545	469.535313848009	521.976032462473	569.174315062057	629.211674676169	675.730362033224
8.5	262.792417140432	309.261960127223	369.235893656075	416.38431393134	468.769631883427	521.154949835515	568.30337011078	628.277303639632	674.746846626423
8.75	262.247302169797	308.667078114705	368.576781933729	415.674708116396	468.003923465681	520.333138814966	567.431064997633	627.340768816658	673.760544761565
9	261.704071619767	308.073460507496	367.918134420399	414.964937437319	467.237351237862	519.509765038405	566.556568055325	626.401241968228	672.770630855957
9.25	261.161575391872	307.479962523705	367.258813195807	414.253869368081	466.468788667345	518.683707966608	565.678764138882	625.457614810984	671.776001942817
9.5	260.618639593968	306.885406586523	366.597635927688	413.54031783792	465.697045529628	517.853773221335	564.796455131567	624.508684472732	670.775451465287
9.75	260.07451368996	306.288944674663	365.933628779651	412.823210101086	464.920939183479	517.018668265873	563.908249587307	623.552933692295	669.767364676999
10	259.528679095227	305.689908690948	365.265930692515	412.1015334016	464.139288326767	516.177043251935	563.012645961019	622.588667962587	668.749897558308
10.25	258.980495612963	305.087510772717	364.593563224985	411.374159475051	463.35079823072	515.327436986388	562.108033236454	621.614085688722	667.721100848476
10.5	258.42915799065	304.480801096645	363.915389969587	410.63980523111	462.554022829707	514.468240428304	561.192655689827	620.627244562769	666.678887668765
10.75	257.873703123316	303.868652812946	363.230072746276	409.896966352757	461.747273216469	513.597580080181	560.264473686662	619.625893619992	665.620843309622
11	257.312687066701	303.249393512675	362.535644287906	409.143443770503	460.928092772282	512.712741774061	559.320541256658	618.606792031889	664.543498477863
11.25	256.744588952756	302.621252013698	361.830010355147	408.376889274075	460.093851106718	511.810812939361	558.357691858289	617.566450199738	663.443113260681
11.5	256.168120443051	301.982604569782	361.111114321992	407.594905929661	459.241773179289	510.888640428917	557.372432036586	616.500941788796	662.315425915527
11.75	255.582121478954	301.331910111445	360.376923383558	406.795074355312	458.369010092858	509.942945830403	556.361096802157	615.40611007427	661.155898706762
12	254.985811975583	300.667946727954	359.625645405419	405.975154136079	457.472823360269	508.970492584459	555.320001315119	614.277699992584	659.959834744955
12.25	254.378888917314	299.989893567099	358.85579121167	405.13313069436	456.550614644489	507.968098594618	554.245438077307	613.111335721878	658.722340371663
12.5	253.761381195373	299.297265193655	358.066211573583	404.267332961133	455.600133074047	506.93293318696	553.13405457451	611.903000954438	657.43888495272
12.75	253.134287203502	298.590564094057	357.256768955984	403.377120249171	454.620178923251	505.863237597331	551.983588890519	610.649793752446	656.106070643
13	252.498798324178	297.870509680158	356.427573641972	402.462123975894	453.609851554987	504.75757913408	550.792129468002	609.349193429817	654.720904785796
13.25	251.856278311587	297.138137251555	355.579237025237	401.522622281979	452.569058841642	503.615495401305	549.558880658047	607.999980431729	653.281839371697
13.5	251.208172005086	296.394642572853	354.712633412682	400.559236760827	451.498141593568	502.437046426308	548.283649774454	606.601640614282	651.788111182049
13.75	250.555981407152	295.641451939919	353.829091392664	399.57321918818	450.398266242114	501.223313296049	546.967441091565	605.155080544309	650.240551077077
14	249.901287480637	294.880274874238	352.930486405383	398.566575440993	449.271583588942	499.97659173689	545.612680772501	603.662892303646	648.641879697246
14.25	249.245510078674	294.112692800506	352.018608400987	397.541259401393	448.120229656505	498.699199911618	544.221850912024	602.127766512504	646.994949234336
14.5	248.589592930695	293.339870375333	351.094907166319	396.49894501094	446.946127438533	497.393309866125	542.797347710746	600.552384501732	645.30266194637
14.75	247.934225304055	292.562761281114	350.160677639769	395.441195485926	445.75113822754	496.061080969154	541.341598815311	598.939515173966	643.568051151025
15	247.278762724453	291.78124530418	349.216476222292	394.369099146904	444.536941345372	494.70478354384	539.857406468453	597.292637386564	641.795119966292
15.25	246.621940484215	290.994700629119	348.262510819948	393.283516184261	443.305121717658	493.326727251054	538.347732615367	595.615542806196	639.9883029511
15.5	245.962443673989	290.202427332856	347.298875215474	392.185164351393	442.057090374501	491.92901639761	536.815305533529	593.911753416147	638.151737075014
15.75	245.298899216683	289.403632958948	346.325526305699	391.074589648114	440.794047851899	490.513506055684	535.262569398099	592.18446274485	636.289196487115
16	244.630275803022	288.597847955296	345.342719546459	389.95261749419	439.517452840922	489.082288187655	533.692186135386	590.437057726548	634.404629878822
16.25	243.956448557287	287.785469355537	344.351525551443	388.820848037283	438.229493839923	487.638139642564	532.107462128404	588.67351832431	632.50253912256
16.5	243.277520016299	286.967099380715	343.353191437825	387.681035378717	436.932488246426	486.183941114134	530.511785055027	586.897877112136	630.587456476552
16.75	242.593989787427	286.143654112126	342.349170791206	386.53505566232	435.628781697124	484.722507731927	528.908392603041	585.113909282122	628.66357360682
17	241.906544177627	285.316191987095	341.341002323102	385.38482516646	434.320709974569	483.256594782679	527.300417626037	583.325227962044	626.734875771512
17.25	241.215824885157	284.485602378853	340.329895057883	384.231804208784	433.010012601486	481.788220994189	525.690130145089	581.534422824119	624.804200317815
17.5	240.52241403932	283.652583401307	339.316696800037	383.076958272812	431.697785811342	480.318613349871	524.078874822646	579.742988221377	622.873157583363
17.75	239.826774586053	282.817688290055	338.302077313662	381.921048731352	430.38489276087	478.848736790389	522.467708208078	577.952097231686	620.943010935687
18	239.129138290834	281.981173866282	337.286325757026	380.76439016442	429.071676275499	477.378962386579	520.857026793973	576.162178684717	619.014214260165
