age	C0.4	C2	C10	C25	C50	C75	C90	C98	C99.6
6	483.557412533788	642.79450242459	881.55083753481	1095.51337999302	1360.32141986674	1653.60366233287	1941.889737162	2341.86375555816	2677.36708165481
6.25	477.580339474402	631.524284953992	862.489424742308	1069.70537678212	1326.50644397287	1611.36084805743	1891.79276912166	2281.52745503499	2608.98716719014
6.5	471.231785382428	619.97265811147	843.265741887241	1043.8200851514	1292.69146808619	1569.17172727297	1841.77443868059	2221.26668682566	2540.65245263907
6.75	464.404175025202	607.996056427746	823.683564342072	1017.61527039519	1258.57834179606	1526.67696280507	1791.41556716726	2160.57919531577	2471.79063668246
7	456.601610126883	594.949714790625	802.87599006139	990.025490426852	1222.85587828094	1482.29252327124	1738.86279633245	2097.23564211901	2399.85472219373
7.25	447.593232188092	580.540467990352	780.456585338969	960.580501775628	1184.9492733435	1435.32623224463	1683.30664404365	2030.26030485705	2323.72629704443
7.5	437.962583199832	565.531513493715	757.459081869867	930.557986661656	1146.43990557853	1387.69766744068	1627.00057761386	1962.37163904467	2246.51497916518
7.75	428.537541204358	550.986572069879	735.302844458501	901.699056184633	1109.47121039801	1342.00083103688	1572.98610779611	1897.23876281192	2172.42168581527
8	421.128185496018	539.209325974855	717.03602739668	877.726165574016	1078.61059718499	1303.7523458262	1527.72605016244	1842.65747734303	2110.37721781567
8.25	418.02497447253	533.079679460155	706.42871697781	863.217921284289	1059.45347652028	1279.69500897701	1499.11229798943	1808.14723917618	2071.29447067609
8.5	420.275829959463	533.856369539111	705.06055715178	860.049894296812	1054.25441572533	1272.52019006362	1490.28290990146	1797.49341080614	2059.52547206296
8.75	427.318161954419	540.744822467508	711.790476115858	866.772987765623	1061.18710993729	1279.9894483306	1498.60031514105	1807.51461933026	2071.4416293854
9	436.997052609824	550.958832160845	722.882569392129	878.79489703114	1074.59140000749	1295.24958842685	1516.02838057497	1828.51778669075	2095.94697303457
9.25	441.395654137079	554.516914042144	725.240722132605	880.19502617099	1074.99970233405	1294.83561202703	1515.1024262158	1827.3769623729	2095.07054449308
9.5	432.345075463476	541.262361746293	705.70469575893	855.080184166834	1043.07174633191	1255.50132013577	1468.64582918611	1771.31559901045	2031.21092488171
9.75	413.404527840258	515.805148282747	670.465969549723	811.068650042643	988.205149745577	1188.631731739	1390.01288579371	1676.44315968999	1922.80672688895
10	393.934930233271	489.901581997827	634.896610697533	766.815087707659	933.182326675126	1121.66830229381	1311.31377258545	1581.4889979019	1814.26129639432
10.25	381.237173621768	472.598767876735	610.683550654751	736.410802016944	895.130830043646	1075.18381275001	1256.59299623992	1515.4518322438	1738.84865640081
10.5	380.911936147175	470.730580688386	606.528324932157	730.265244310439	886.628344452413	1064.23271849643	1243.41856781867	1499.51633784262	1720.90124245732
10.75	396.055411327626	487.966780707725	626.972896838943	753.725256844707	914.055829985037	1096.39502040437	1280.60653109788	1544.30940449843	1772.65109573899
11	420.255833318234	516.260736360302	661.502522049137	794.034773839526	961.837866684479	1152.91181676479	1346.2067628246	1623.35506357549	1863.74185963248
11.25	444.322781256929	544.262214551895	695.501142553601	833.601269250405	1008.61956427332	1208.15333953249	1410.27520472519	1700.54123876224	1952.72812366559
11.5	462.032188521623	564.375345943956	719.295981591342	860.853540843891	1040.42050335454	1245.38777518899	1453.28794579686	1752.32603691632	2012.56989521618
11.75	469.296034825926	571.688705679348	726.726808901497	868.485125695296	1048.47125776091	1254.16257598535	1463.07069750032	1764.03379301486	2026.39202221654
12	467.086418318945	567.487721947502	719.550722736204	858.678270778141	1035.48304695917	1237.7772879774	1443.50249677281	1740.34710590431	1999.54878396935
12.25	462.768521341423	560.787108749557	709.279064889699	845.224712660787	1018.13860410531	1216.21186469218	1417.90451304566	1709.38729234339	1964.33342443053
12.5	462.196984786272	558.680787382536	704.883346285722	838.815129089051	1009.31552717781	1204.84925826262	1404.2109583261	1692.77562518195	1945.59200361774
12.75	465.543213424304	561.33934635058	706.533968416015	839.622044048168	1009.19306068379	1203.88240143671	1402.63537676132	1690.76707126859	1943.6265357669
13	471.656871113146	567.343387957705	712.404608535903	845.44811152233	1015.10462641817	1210.11124000436	1409.43901984591	1698.85235553639	1953.26131611569
13.25	476.760834196492	572.13608119364	716.756774814168	849.471906911939	1018.84930769667	1213.75142140945	1413.22145700871	1703.28890828201	1958.69900349745
13.5	475.701012378798	569.554775906206	711.898034424962	842.595941543731	1009.53411470335	1201.84023806747	1398.89750691345	1685.89737153018	1939.02841632236
13.75	466.24049465063	556.976621741366	694.619030321331	821.069345592897	982.710851417885	1169.1172638344	1360.36399770873	1639.32814852977	1885.78233118038
14	449.833812878521	536.199908218306	667.238311309019	787.685450624813	941.773671936725	1119.6598007755	1302.38763108043	1569.33239397118	1805.56108673751
14.25	428.849275430836	510.091793577509	633.379145643238	746.76036171515	891.920764310339	1059.67740072336	1232.20848762978	1484.63999904505	1708.39748456553
14.5	407.005978853572	483.096730149929	598.586499680076	704.850300914876	841.001260108621	998.510276598631	1160.69640331202	1398.35117524945	1609.36095099654
14.75	388.01493977726	459.611996997736	568.299608680141	668.353917603387	796.644195169569	945.212420258012	1098.37421559386	1323.14351922263	1523.04420532182
15	377.586004634534	446.362482804452	550.785167909664	646.959527987397	770.364940464673	913.42164681182	1061.07542376827	1278.0864872055	1471.40772664639
15.25	382.202204476559	450.933528065903	555.303742989599	651.474848478106	774.964597188784	918.262928173294	1066.33900087981	1284.29557519366	1478.78105808432
15.5	403.562031350719	475.220575084955	584.051862796792	684.379449199811	813.297157076074	963.042539199189	1117.95993882792	1346.32519166413	1550.43591199397
15.75	437.710641863171	514.464144629521	631.04975680296	738.573704790287	876.83413833863	1037.58891262019	1204.08699252538	1449.88633825959	1669.94278087167
16	478.754584885387	561.669633175844	687.631238971766	803.852948300691	953.399062832308	1127.44372355498	1307.91173197634	1574.72675222529	1813.9922938668
16.25	515.443204633745	603.622196940384	737.597646633294	861.265946771616	1020.50007849762	1205.99664846356	1398.5562406358	1683.66503431493	1939.75696974815
16.5	534.628600063161	624.983920921854	762.282593449723	889.070832389198	1052.42922321029	1242.90944936516	1440.86355206911	1734.3865825853	1998.47035501257
16.75	537.394466907201	627.129926528759	763.502341525105	889.485961825161	1051.91218454965	1241.48146143119	1438.70715048575	1731.57396091281	1995.50028940727
17	533.004088505247	620.951236443822	754.620458447115	878.155294473078	1037.52509837509	1223.69774467843	1417.60225344697	1705.95250098581	1966.23480697697
17.25	527.897162722601	613.978837542954	744.82622000141	865.799420032055	1021.96140493805	1204.55178345093	1394.93209052232	1678.4476524953	1934.78486510509
17.5	524.875173200069	609.46854438614	738.066139705587	857.003640243593	1010.63136794997	1190.41893763596	1378.07884151938	1657.94185506966	1911.39012335242
17.75	525.449437842788	609.159537647086	736.426046430549	854.175181720687	1006.35894950924	1184.61351636793	1370.87188081543	1649.0388669728	1901.36198804064
18	528.33840646514	611.547720042935	738.063740204091	855.159877183465	1006.58855736117	1184.11273526938	1369.80399304035	1647.51531276883	1899.83500008786
