age	C0.4	C2	C10	C25	C50	C75	C90	C98	C99.6
6	317.960787136143	420.113037641476	570.069491580901	701.846120967744	862.193552368723	1036.86009342864	1206.0467008209	1437.32483623429	1628.67523192885
6.25	324.662289737689	427.303829473518	578.126611499724	710.831120805083	872.516918672399	1048.8887703896	1219.9554290976	1454.13630190897	1648.15439664949
6.5	331.403540619592	434.528336124616	586.206365737458	719.82819403395	882.840284999586	1060.90698891757	1233.84750677342	1470.93039134492	1667.62317381973
6.75	338.007387507562	441.555812472771	593.999209048347	728.458305427382	892.699699632764	1072.35785740855	1247.07562464536	1486.93566845448	1686.20706049961
7	343.758800338986	447.459266674853	600.265794680781	735.206106610284	900.241964648525	1081.0177291075	1257.05504971197	1499.07050840216	1700.41071928717
7.25	348.199071042072	451.65597631344	604.239487283101	739.141123837108	904.334344210426	1085.53003429241	1262.2091180886	1505.45255869673	1708.09502163526
7.5	351.544097778934	454.442651687466	606.334838928217	740.780447920614	905.617301137237	1086.66787691113	1263.43774126913	1507.15258324917	1710.47007146142
7.75	354.232747810426	456.398575937664	607.337502614849	741.091246694413	905.278976004202	1085.86014544087	1262.40299284019	1506.15136372893	1709.78027939601
8	357.127714013343	458.63924046509	608.736249669128	741.892738067644	905.543704536088	1085.776054873	1262.20833936905	1506.15090150666	1710.22683943144
8.25	361.347136420477	462.592753668	612.418308841316	745.480313208153	909.209573477576	1089.76857186751	1266.75109670653	1511.8029036258	1717.09401314503
8.5	367.284535677638	468.744956900198	619.007746779046	752.602656888213	917.181014308828	1098.91682247895	1277.28442854441	1524.60575469633	1732.08914142555
8.75	374.251150645634	476.19944442031	627.302150905862	761.787070774518	927.654691036246	1111.05524416462	1291.29003515764	1541.55630300497	1751.8058735157
9	381.095580881423	483.484218843454	635.354967393199	770.665341167542	937.743253422815	1122.72361757673	1304.74583560908	1557.85404638767	1770.7912650769
9.25	385.402217518119	487.545374189951	639.164690226765	774.39062398184	941.554575091578	1126.87066095217	1309.45812132834	1563.71396527695	1777.91932319633
9.5	384.706705565081	485.301668959109	634.731530187892	768.140296556509	933.243893440365	1116.51216505747	1297.31383459762	1549.44156021564	1762.15529281808
9.75	379.37608321985	477.266495301513	622.78238475083	752.826911149772	913.946621020534	1093.0220734344	1269.91350404933	1516.93977172188	1725.6458439265
10	371.403281894663	465.985648414461	606.682034509423	732.543443289748	888.652670291397	1062.38034046479	1234.20819851009	1474.50504951671	1677.81495545822
10.25	362.819501618166	454.024377033363	589.789091439331	711.356730281808	862.305085202888	1030.50209265009	1197.07138668013	1430.34605868594	1627.99661511892
10.5	355.611256120909	443.864973951791	575.324396420318	693.149488145955	839.609038734782	1003.00957578237	1165.03401002376	1392.26693770836	1585.07411264739
10.75	351.449501409381	437.571874669539	565.940381795169	681.10345632198	824.407294089361	984.486887269221	1143.41898344908	1366.63246886895	1556.30101096012
11	351.397191065702	436.434751431514	563.267436805509	677.15818986414	819.028953741879	977.704467777226	1135.44104345856	1357.29094621147	1546.0720593681
11.25	356.184445773243	441.31967156964	568.377621348553	682.574854167858	824.976551693931	984.442345178933	1143.16361708869	1366.71632019	1557.22076714832
11.5	363.685099554948	449.555319555755	577.788877721533	693.146407626744	837.144256477442	998.595081460689	1159.49329062002	1386.43477157915	1580.1065915144
11.75	370.057024576487	456.380292903918	585.367937223271	701.506661494848	846.628561936974	1009.5377795316	1172.09197451582	1401.69555387576	1597.92312014585
12	372.196118117977	457.985042835019	586.249777629818	701.838420364364	846.41979527053	1008.9185540908	1171.26485020344	1400.9011582366	1597.44171605366
12.25	368.275629003367	452.161563894317	577.653498956004	690.84062767425	832.560577423943	992.034714077059	1151.55673141022	1377.51924078883	1571.19698825888
12.5	357.669733470419	438.1909678988	558.717498926584	667.518198117894	803.881629710408	957.511390403066	1111.37714866244	1329.63767265624	1516.98679932388
12.75	342.569681049855	418.802714516118	532.973782060178	636.123361497165	765.531491578816	911.498181971293	1057.86911878057	1265.79348070592	1444.53128840181
13	325.716834651486	397.372949055172	504.747638419056	601.836710843703	723.760356304657	861.44690839131	999.684221227469	1196.33377381671	1365.62716343618
13.25	310.859835759331	378.47559867733	479.849862773848	571.58758035358	686.90228051647	817.277868020814	948.335072585325	1135.03560705305	1296.00006732571
13.5	301.746578266332	366.646824002552	464.0005547708	552.170270832507	663.1059011743	788.676315282397	915.057086369249	1095.35157647326	1251.0218508602
13.75	300.354290208169	364.240587532635	460.122343329013	547.027266125887	656.474961209045	780.504240315203	905.485566485677	1084.03693024195	1238.42957248832
14	307.260730400866	371.900382003123	468.961408206491	557.003398360845	667.986926023784	793.900957387037	920.935096383331	1102.67691155492	1260.06065238891
14.25	322.929428561745	390.128735471447	491.082841558229	582.726123218409	698.356405455285	829.691830603817	962.355432026065	1152.42051122811	1317.25583318934
14.5	346.287410662627	417.573577549904	524.718991636298	622.055796853626	744.98249352406	884.763418248161	1026.12765385325	1228.94541387445	1405.10173911708
14.75	375.584594129863	452.079574673619	567.108297515099	671.684271217308	803.873218738346	954.355359605301	1106.72431779049	1325.64084471653	1516.06255995008
15	406.434696369115	488.340909152116	611.563755117919	723.671164089814	865.507539125322	1027.15254486258	1191.01968474977	1426.79007456347	1632.17766040713
15.25	431.942751629371	518.081102735036	647.729770548218	765.76836198965	915.241593483272	1085.77901373215	1258.86641571404	1508.25575519774	1725.83183631902
15.5	446.51906096525	534.643665844397	667.340931162203	788.240932585683	941.472366817659	1116.49027538261	1294.33565336906	1550.94338151116	1775.15218129203
15.75	447.832393144707	535.310863711732	667.092687131443	787.242690376037	939.656248472953	1113.93055282465	1291.22939650201	1547.41070838879	1771.58269195606
16	436.587014742049	521.003225881818	648.226352899422	764.300078124091	911.669755308652	1080.35993893745	1252.17962967591	1500.79531415797	1718.67396658698
16.25	419.20050431054	499.439648463732	620.418316118158	730.869900750804	871.221296929031	1032.05132785173	1196.05703646449	1433.70179837178	1642.27954084798
16.5	401.996218852251	478.175213849217	593.079584453807	698.055769367538	831.562257682923	984.712727669637	1141.06959791453	1367.95135123555	1567.38302289346
16.75	387.074146368372	459.700595989073	569.290741125647	669.478042938557	797.000694640472	943.44270776896	1093.12459691978	1310.62736763284	1502.10386443636
17	374.760225455913	444.387502480596	549.493653744436	645.64429414453	768.130225903789	908.937087638037	1053.02595524024	1262.69702359366	1447.55856750144
17.25	364.754988133389	431.865358046904	533.211476262747	625.982004944851	744.258864308805	880.369957676047	1019.81442459961	1223.01339405832	1402.44056838291
17.5	356.187322840517	421.09048501116	519.140780771673	608.951205060716	723.546981773908	855.55957859074	990.960743552953	1188.54590707165	1363.28132734409
17.75	348.379276651411	411.253783072678	506.274887696318	593.365023667181	704.579000814697	832.828614605788	964.520938360195	1156.96462710308	1327.4124410823
18	341.033623490308	401.999859104294	494.170839754797	578.700732353875	686.731061701454	811.437601083475	939.637909837818	1127.2423426903	1293.65762895248
