age	C0.4	C2	C10	C25	C50	C75	C90	C98	C99.6
6	402.097220803364	791.513137376729	1294.09617982857	1689.20110482638	2128.19136154352	2567.18161826065	2962.28654325846	3464.86958571031	3854.28550228367
6.25	404.697594305323	790.243739700799	1287.83242704438	1679.01104706613	2113.63889390088	2548.26674073563	2939.44536075738	3437.03404810096	3822.58019349644
6.5	407.297967807282	788.974342024869	1281.56867426019	1668.82098930588	2099.08642625825	2529.35186321061	2916.6041782563	3409.19851049162	3790.87488470921
6.75	409.871392985534	787.684438959217	1275.29273138421	1658.62527851317	2084.53556873065	2510.44585894814	2893.7784060771	3381.38669850209	3759.19974447577
7	412.397395229257	786.359633538354	1268.99804530465	1648.42352801035	2069.99278599648	2491.56204398262	2870.98752668831	3353.62593845461	3727.58817676371
7.25	414.952560879189	785.061157554563	1262.72603112079	1638.2415740324	2055.46660504145	2472.6916360505	2848.20717896211	3325.87205252834	3695.98064920371
7.5	417.61128363105	783.85089990239	1256.5224389389	1628.11247920078	2040.97599177026	2453.83950433973	2825.42954460162	3298.10108363812	3664.34069990947
7.75	420.440867921118	782.78596599736	1250.43121124341	1618.06983798087	2026.5430432478	2435.01624851474	2802.65487525219	3270.30012049825	3632.64521857449
8	423.463043078021	781.889652207455	1244.47766683482	1608.14055910549	2012.19643473722	2416.25231036894	2779.91520263962	3242.50321726698	3600.92982639641
8.25	426.67575017616	781.167680415612	1238.6775695647	1598.34830090524	1997.96859590839	2397.58889091154	2757.25962225208	3214.76951140116	3569.26144164061
8.5	430.148555385424	780.680818531848	1233.08033224425	1588.73354939694	1983.89009446152	2379.0466395261	2734.69985667879	3187.09937039119	3537.63163353762
8.75	434.047075009029	780.563357901254	1227.77981799751	1579.35838511768	1969.98769817214	2360.6170112266	2712.19557834677	3159.41203844302	3505.92832133525
9	438.550453080563	780.95954284707	1222.87522932517	1570.28660100514	1956.28585738263	2342.28511376013	2689.6964854401	3131.6121719182	3474.02126168471
9.25	443.875277236692	782.040649002233	1218.47936185532	1561.58501871696	1942.80031333174	2324.01560794652	2667.12126480815	3103.55997766124	3441.72534942678
9.5	450.226180673352	783.969093296547	1214.70014789458	1553.3187375528	1929.54857473867	2305.77841192453	2644.39700158276	3075.12805618079	3408.87096880398
9.75	457.698416169819	786.830540221635	1211.6108772201	1545.55131892611	1916.58339409847	2287.61546927083	2621.55591097685	3046.33624797531	3375.46837202713
10	466.326284096138	790.667911361722	1209.26559801844	1538.34555818564	1903.97728549217	2269.60901279869	2598.68897296589	3017.28665962261	3341.62828688819
10.25	476.065719658126	795.463330163683	1207.68023247278	1531.74394834174	1891.80226404815	2251.86057975456	2575.92429562351	2988.14119793261	3307.53880843817
10.5	486.776444496657	801.124198749716	1206.82371948475	1525.76380534533	1880.12939613136	2234.4949869174	2553.43507277798	2959.13459351301	3273.48234776607
10.75	498.272920970795	807.519994871215	1206.63654007519	1520.4014293339	1869.01700097038	2217.63257260686	2531.39746186557	2930.51400706955	3239.76108096997
11	510.224099595157	814.398090587615	1206.96727772537	1515.58497100016	1858.48163420652	2201.37829741289	2509.99599068768	2902.56517782543	3206.73916881789
11.25	522.290944867321	821.497739353129	1207.65622619199	1511.23415678713	1848.53127776418	2185.82839874123	2489.40632933637	2875.56481617524	3174.77161066104
11.5	534.179774179479	828.593321421392	1208.56560815766	1507.28026657466	1839.17393908298	2171.06761159131	2469.78227000831	2849.75455674457	3144.16810398649
11.75	545.629568645125	835.484585713741	1209.57359992287	1503.66313223288	1830.41795384719	2157.17277546149	2451.26230777151	2825.35132198064	3115.20633904925
12	556.439147739693	842.020188581475	1210.59317767702	1500.34629489798	1822.28304451992	2144.21979414187	2433.97291136283	2802.54590045837	3088.12694130015
12.25	566.473441764747	848.103218606716	1211.57667735941	1497.3208062472	1814.80327877411	2132.28575130102	2418.02988018881	2781.5033389415	3063.13311578347
12.5	575.615240919842	853.650373571266	1212.48455812655	1494.5815283779	1808.01174287206	2121.44195736623	2403.53892761757	2762.37311217286	3040.40824482429
12.75	583.772611135684	858.596598523141	1213.28645541273	1492.12536852085	1801.93564499043	2111.74592146	2390.58483456812	2745.27469145771	3020.09867884517
13	590.861717242308	862.882178116443	1213.95378309415	1489.94821274478	1796.59806158052	2103.24791041625	2379.24234006688	2730.31394504459	3002.33440591872
13.25	596.819610974887	866.457862586535	1214.45497079114	1488.0323892927	1791.99676326419	2095.96113723568	2369.53855573725	2717.53566394185	2987.1739155535
13.5	601.59203901075	869.278133538801	1214.75577347141	1486.35251566963	1788.11621446888	2089.87991326812	2361.47665546635	2706.95429539895	2974.640389927
13.75	605.190482138785	871.344326779987	1214.84443375322	1484.88654130285	1784.92292813934	2084.95931497583	2355.00142252546	2698.50152949869	2964.65537413989
14	607.703165983164	872.712386157266	1214.73523238522	1483.61599355691	1782.36204025251	2081.10808694811	2349.9888481198	2692.01169434775	2957.02091452185
14.25	609.20802824505	873.429388113519	1214.43541604366	1482.51680699518	1780.37469534104	2078.2325836869	2346.31397463843	2687.32000256857	2951.54136243704
14.5	609.758730366615	873.521799540437	1213.93635413361	1481.5527591849	1778.89401443711	2076.23526968933	2343.85167474061	2684.26622933379	2948.02929850761
14.75	609.395718487151	873.005790248176	1213.22288525653	1480.68405774351	1777.85283834674	2075.02161894997	2342.48279143696	2682.6998864453	2946.30995820633
15	608.124209676899	871.872359285734	1212.26765857874	1479.86892610392	1777.19336246562	2074.51779882733	2342.1190663525	2682.51436564551	2946.26251525435
15.25	605.931589459696	870.099744849653	1211.037106689	1479.06451589351	1776.8624265993	2074.6603373051	2342.68774650961	2683.62510834896	2947.79326373891
15.5	602.824179564932	867.681693577932	1209.50874671998	1478.23558544307	1776.81061312334	2075.3856408036	2344.11247952669	2685.93953266874	2950.79704668174
15.75	598.831417907674	864.630912180084	1207.67369196441	1477.35627241223	1776.99319853655	2076.63012466088	2346.3127051087	2689.35548489302	2955.15497916543
16	593.99489719268	860.969741965023	1205.5294377383	1476.40453947598	1777.36644333167	2078.32834718735	2349.20344892503	2693.76314469831	2960.73798947065
16.25	588.391192937449	856.748196063697	1203.09171556141	1475.36916771547	1777.88918469592	2080.40920167638	2352.68665383044	2699.03017332815	2967.3871764544
16.5	582.102273452952	852.02107429165	1200.38026138951	1474.24232768433	1778.52296601987	2082.8036043554	2356.66567065022	2705.02485774808	2974.94365858678
16.75	575.202380588718	846.841015801672	1197.41983377629	1473.02685964397	1779.2462747509	2085.46568985784	2361.07271572552	2711.65153370013	2983.29016891309
17	567.763877690792	841.260916755895	1194.23820439332	1471.7307836844	1780.04518553794	2088.35958739148	2365.85216668255	2718.82945431998	2992.32649338508
17.25	559.88400256501	835.352679973638	1190.87457854023	1470.36759999786	1780.90463833271	2091.44167666756	2370.93469812519	2726.45659669179	3001.92527410041
17.5	551.688035414607	829.209639436835	1187.38106017107	1468.9569996122	1781.80831104881	2094.65962248543	2376.23556192656	2734.40698266079	3011.92858668302
17.75	543.287561968486	822.914766752477	1183.8036912969	1467.51599239056	1782.7409567253	2097.96592106004	2381.6782221537	2742.56714669812	3022.19435148211
18	534.75172628775	816.518770305313	1180.16938708315	1466.05278849373	1783.6900029048	2101.32721731588	2387.21061872646	2750.86123550429	3032.62827952186
