age	C0.4	C2	C10	C25	C50	C75	C90	C98	C99.6
6	235.948854790295	284.670306450048	365.356845874789	450.213364265981	576.017760548397	719.337670354905	841.303624303988	985.090260741437	1090.58711977649
6.25	236.719876510183	284.858204794839	364.808894336318	449.262027937647	575.046550954066	718.586468528537	840.49871455791	983.799689318868	1088.69070497415
6.5	237.46969663014	285.036196081487	364.262618226239	448.315772459489	574.075341359735	717.830109572842	839.691268569634	982.517193373202	1086.81561631871
6.75	238.161674076945	285.158769114015	363.65838495573	447.300926373475	573.010685487669	716.952572476606	838.744989953054	981.081020392034	1084.78043769316
7	238.649271668519	285.048184263499	362.767284059806	445.935549692521	571.492972213777	715.505236131514	837.133760833904	978.87127204268	1081.89498038873
7.25	238.932925781251	284.706329837995	361.593285294075	444.225147428758	569.528793386026	713.495340288422	834.86583591592	975.898230174925	1078.17147849318
7.5	239.468074980598	284.676004784669	360.825975174915	443.017015143117	568.204379179989	712.283501003126	833.533253255113	974.023005312427	1075.66624297225
7.75	240.808994238503	285.612196508278	361.291326764385	443.323775095011	568.819797668545	713.501982372493	835.046631205137	975.476444381594	1076.84043504589
8	243.377545094119	288.007362818323	363.603665877889	445.896102232598	572.340875751082	718.367604725563	840.831154291205	981.919673960861	1083.52265461782
8.25	247.529437746282	292.271703547113	368.269029341867	451.35019493366	579.562175875478	727.885100240022	852.064399799713	994.722713581306	1097.2175743454
8.5	253.26148394173	298.389308894885	375.253892389275	459.639935433445	590.428601704492	741.993898305199	868.677349871913	1013.79910098904	1117.82166798828
8.75	260.010358970406	305.686253070629	383.699296749394	469.708884198591	603.586565720893	759.000377812663	888.688942141584	1036.83181780443	1142.77321560983
9	266.588502146513	312.762278325677	391.84301518546	479.398012486122	616.263027809291	775.42063535714	908.020844123217	1059.06067883105	1166.82279385223
9.25	269.814247186388	315.894227611169	395.031251349696	483.017719453463	621.140699240207	782.040735755376	915.882138892996	1067.9045950526	1176.11569808317
9.5	266.326841888059	311.179799496066	388.420764505175	474.660062283708	610.610980171434	769.257046109277	901.020202577133	1050.25943764998	1156.24247397288
9.75	255.954492634046	298.465600188402	371.873934305292	454.177699200465	584.467925011813	736.774146575712	863.080587998881	1005.7359503209	1106.80786466244
10	240.531787388634	279.933029888004	348.156918996183	424.967869352234	547.06874784265	690.051912178505	808.451113825961	941.799203470009	1036.05715828691
10.25	223.211192805735	259.276110426886	321.893141011949	392.685607256096	505.684584817982	638.241558827678	747.847809874611	870.945710057791	957.755849188385
10.5	208.076830443364	241.240113934346	298.975686611331	364.520992298297	469.574169090654	593.026938487918	694.960059894074	809.118978421821	889.437926152032
10.75	197.650295304297	228.726567229643	282.975457323334	344.818123476291	444.34129995495	561.501759336626	658.104663800701	765.990850460629	841.719832715726
11	191.943979777757	221.717894913113	273.833950352291	333.491287658993	429.886757065424	543.565756917873	637.170292295008	741.415392121014	814.418237352168
11.25	190.697561194746	219.883152734138	271.107388955846	329.986142197301	425.506601605222	538.353177732242	631.148369232366	734.203429129479	806.204847781342
11.5	193.278494097781	222.46621835101	273.832304041482	333.11749580944	429.681969179721	543.964350722864	637.817687907361	741.757200123268	814.207423310814
11.75	198.897583036421	228.537057450347	280.838529999724	341.451592246488	440.571076687381	558.085831859153	654.470755405251	760.91672223156	834.941190021138
12	206.341805261145	236.686515351422	290.376294228039	352.853620157533	455.42476816544	577.248404459858	677.043099439077	786.948434620795	863.200494826657
12.25	213.631752711552	244.637797673805	299.644841775252	363.917111542738	469.848510720216	595.887676842287	699.010199281508	812.265400679295	890.658415694324
12.5	218.784711643575	250.125645860644	305.87571115327	371.282265200978	479.502618066634	608.495486711032	713.9095948472	829.360886855941	909.087640070066
12.75	220.665636284743	251.866979275184	307.517152314573	373.072641544577	481.958547974208	611.977249746953	718.106921396277	834.020539376873	913.879833340842
13	218.722244331051	249.250641427082	303.845958445336	368.420411240596	476.088402520539	604.883581354946	709.896200641702	824.273253324968	902.890037248602
13.25	215.120401377082	244.761454723645	297.911255422635	361.031107824805	466.674775821578	593.275660797275	696.38605705916	808.381889161279	885.182245761478
13.5	213.178479895836	242.177583651354	294.31478898165	356.482849276724	460.927164665316	586.31626246332	688.330848651287	798.831779970975	874.430065542167
13.75	214.16672261787	242.930787702765	294.78299347631	356.861081196299	461.546020784106	587.450823418688	689.778834014465	800.315093935742	875.760887047085
14	217.075599844345	245.862433192141	297.893578897182	360.437102775322	466.30030434137	593.852414137593	697.414928728317	808.97832815977	884.94723361857
14.25	220.750817317086	249.657419859862	302.043737875378	365.267608395118	472.678666220002	602.330169051992	707.494430108102	820.47366628267	897.226821347913
14.5	223.917117619351	252.871931841035	305.484781320699	369.237058130801	477.94400775549	609.397826992241	715.923058056732	830.052234868953	907.405269547163
14.75	225.310224859245	254.08286616923	306.503221162627	370.276826501213	479.417029203462	611.634663969236	718.680628406573	833.055525305715	910.393722469655
15	224.38319930046	252.682829056883	304.377908751136	367.520711701454	475.972899890695	607.596284752204	714.066613013095	827.517460635433	904.051266196241
15.25	221.003258958396	248.533282320857	298.955551008711	360.789530146462	467.375698858693	596.970345727217	701.709775660973	813.013745959584	887.923440149888
15.5	215.305728584616	241.797226480228	290.44565908007	350.342013240224	453.95680858151	580.1688558838	682.090058594235	790.106258741538	862.632910111083
15.75	207.694172726788	232.937317121045	279.415761022819	336.867928751352	436.606716348597	558.319805413084	656.529548102145	760.331491442629	829.865157229433
16	199.167474802187	223.08028370785	267.225518877708	322.010130050454	417.452473770679	534.136062083267	628.215257229336	727.38375974152	793.657860657943
16.25	192.110429637315	214.897087595377	257.074349051967	309.62397892012	401.492263247056	514.012612021703	604.668157928411	699.971148954808	763.512521924219
16.5	188.698220591929	210.810786694913	251.848282110736	303.179942466435	393.229854760511	503.725923646775	592.687522627133	685.959140977162	748.000180397755
16.75	189.938432019071	211.929667850092	252.849591833863	304.23610270306	394.692185291536	505.891125556322	595.357902249399	688.908449960533	750.988903346657
17	196.595807815529	219.086351623792	261.045648661787	313.944841654818	407.381436399411	522.456299783435	614.981478745416	711.472070234535	775.353113080409
17.25	208.894994796723	232.508790467337	276.679742667675	332.58605356143	431.66851099922	553.922225593689	652.158701424971	754.332896934873	821.817736036048
17.5	226.241360003538	251.513654029113	298.911439423421	359.137168744374	466.233518779177	598.619808368219	704.93562321977	815.219676016941	887.889671601989
17.75	248.026838927976	275.406546297291	326.891979978801	392.567731487791	509.744906962049	654.861011215394	771.334618131206	891.835937248761	971.051608987434
18	273.557677852696	303.401894761759	359.669365075564	431.725487662176	560.711491615272	720.748550210688	849.130146887817	981.600978788145	1068.48031908824
