age	C0.4	C2	C10	C25	C50	C75	C90	C98	C99.6
6	375.013911179874	568.416536257925	827.457343935627	1036.38166601019	1272.82424639048	1513.09841376869	1732.19572065834	2014.32069255795	2235.28929469651
6.25	386.328485302628	575.543381710715	830.709787989828	1037.81498880581	1273.3689045779	1513.82181703265	1733.90478303405	2018.31015650078	2241.77325765723
6.5	397.363616752767	582.526958815632	833.929757839909	1039.24584775577	1273.91600787532	1514.54593506733	1735.62092925427	2022.33873948725	2248.34626584813
6.75	408.10009842735	589.363365181529	837.114812550401	1040.67255029367	1274.46461766115	1515.27030734298	1737.34409067144	2026.40740727735	2255.01100985193
7	418.527447314152	596.050072798244	840.262233641513	1042.09288741863	1275.01329736871	1515.9941125564	1739.0740104238	2030.51721439203	2261.77054770993
7.25	428.644840704337	602.587930822439	843.37069734213	1043.5052426292	1275.56048520495	1516.71573764645	1740.80904720846	2034.6670889484	2268.62527210699
7.5	438.456947053306	608.978693657354	846.438491389414	1044.90715745257	1276.10341463071	1517.43204952346	1742.54576583561	2038.85383433458	2275.57323644572
7.75	447.972192294952	615.224773540421	849.463746430076	1046.29574095735	1276.63867719366	1518.13909689904	1744.27975964012	2043.07310269557	2282.61124633937
8	457.199861060131	621.327068576958	852.441916722807	1047.6646654696	1277.15860121446	1518.82782148102	1746.00072696868	2047.31362389193	2289.72840542803
8.25	466.149340865582	627.285407364011	855.366818546256	1049.00554111136	1277.65296967597	1519.486108744	1747.69481708679	2051.55992249282	2296.90911856267
8.5	474.828887889697	633.097946180778	858.23012651121	1050.30737746783	1278.10840375963	1520.09806818503	1749.34379984016	2055.7913246203	2304.13195789204
8.75	483.244722560241	638.760642265373	861.020856444541	1051.55599156077	1278.50765098287	1520.64317371034	1750.92405138602	2059.98071823478	2311.36822843478
9	491.401156633467	644.267878343583	863.726400827614	1052.73534637863	1278.83126184211	1521.09828266086	1752.40888381814	2064.09727883035	2318.58500165275
9.25	499.298973171875	649.610525155885	866.330000954674	1053.82449146605	1279.05387975805	1521.43321459425	1753.76343231956	2068.10040604894	2325.73826288696
9.5	506.937296616661	654.778482733819	868.814222633414	1054.80183497636	1279.14945292303	1521.61695464427	1754.95178983219	2071.94808955938	2332.7822647432
9.75	514.316254666759	659.764047419014	871.165388380684	1055.6505166783	1279.09774824712	1521.62540394373	1755.94594780293	2075.60746439915	2339.68140920602
10	521.436192045371	664.560725290322	873.371890613719	1056.35631707198	1278.88179450543	1521.43833962421	1756.72230697469	2079.0507308339	2346.40569677104
10.25	528.295924389892	669.160885129674	875.421041649488	1056.9038261269	1278.48323482243	1521.03388809482	1757.25530508274	2082.24763135712	2352.92225572777
10.5	534.892568710964	673.555490632794	877.298719208101	1057.27602248299	1277.88182351451	1520.38792686215	1757.51671951803	2085.16460457952	2359.19436294213
10.75	541.221511176442	677.734019083221	878.989262685981	1057.4541580546	1277.05529364611	1519.47392677606	1757.47547636002	2087.76453271216	2365.18112763794
11	547.274493798327	681.682052085336	880.472375265387	1057.4140554706	1275.97490566663	1518.25766468223	1757.09153067066	2089.99944547038	2370.82918979557
11.25	553.04255702368	685.384943979228	881.727895209108	1057.13185923451	1274.61239578658	1516.70547957453	1756.32539048265	2091.8217746466	2376.08540393817
11.5	558.522374282189	688.83557463919	882.74570016172	1056.59588285309	1272.95424782356	1514.80125904745	1755.15780159848	2093.20782906722	2380.92353454618
11.75	563.713765982798	692.031064486346	883.521295942548	1055.80123011765	1270.99515612951	1512.53866136855	1753.58078632582	2094.14724164439	2385.33240922485
12	568.620746128359	694.973919233766	884.057150801318	1054.75132586156	1268.73982929066	1509.92325913357	1751.60015837903	2094.64605658556	2389.31953728898
12.25	573.252844276041	697.673499127452	884.364426656696	1053.45991166328	1266.20534932042	1506.97534900979	1749.2388248081	2094.7307937976	2392.91588690144
12.5	577.620937734622	700.140816013165	884.456258984502	1051.94297652461	1263.41143467777	1503.71836732685	1746.52338418077	2094.43252317262	2396.15784483673
12.75	581.738664527624	702.390203021095	884.349829889242	1050.22120306041	1260.38336389226	1500.18236706363	1743.48817614762	2093.79175989403	2399.09287426427
13	585.620085501805	704.436443948238	884.062712502294	1048.3156057135	1257.14672957518	1496.39777954513	1740.16805614783	2092.84985495156	2401.76973955066
13.25	589.276795447331	706.291308523465	883.608542340239	1046.24240951354	1253.72130370342	1492.38811379297	1736.5899049062	2091.63878525158	2404.22680146675
13.5	592.719089658684	707.965002124796	882.998894760351	1044.01530877911	1250.12376477117	1488.17320076865	1732.77638167933	2090.18561820525	2406.49709177929
13.75	595.955176745988	709.46525196264	882.242180272504	1041.64417988558	1246.36616451075	1483.7673608958	1728.74377070321	2088.50987021336	2408.60523242984
14	598.990701653797	710.79677954563	881.343040116096	1039.13439759823	1242.45512749363	1479.17844871073	1724.5008465095	2086.62207855571	2410.56572812925
14.25	601.831134220181	711.964172696525	880.305957447182	1036.49112410832	1238.39700135872	1474.41398893727	1720.05601422554	2084.53239589579	2412.39284468681
14.5	604.481967030703	712.972114055417	879.135539468563	1033.71964211326	1234.19825449343	1469.48164818723	1715.41785746123	2082.25125176992	2414.10138293811
14.75	606.948716311035	713.825376720466	877.836512223134	1030.82535106846	1229.86547450834	1464.38923663727	1710.59514466687	2079.78937032981	2415.70672146867
15	609.237295317982	714.529258285673	876.414254681676	1027.81439722351	1225.40612419276	1459.14561403853	1705.59789527344	2077.15908354925	2417.22637286114
15.25	611.353791072548	715.089306493126	874.874451741647	1024.69326095022	1220.82804429391	1453.76009465971	1700.4366850176	2074.37349581264	2418.67904180915
15.5	613.304513662285	715.51136747403	873.223145424032	1021.46881194098	1216.13951373	1448.24251368021	1695.12272030267	2071.44657635949	2420.08475467233
15.75	615.095949809492	715.801524983149	871.466656773012	1018.14821652576	1211.34913823265	1442.60309464665	1689.66768543514	2068.39298351193	2421.46468606946
16	616.736050926883	715.967591489297	869.613395838031	1014.74105057475	1206.46836397589	1436.85544575335	1684.08725921892	2065.23239164435	2422.84627197572
16.25	618.236773234962	716.022027591715	867.677375913577	1011.26338192974	1201.51631915726	1431.02232752887	1678.40789474969	2061.99787210542	2424.27315576899
16.5	619.610817685364	715.978121377652	865.673532768636	1007.73228451639	1196.5132751354	1425.12786661301	1672.65771886702	2058.72482177563	2425.79235065482
16.75	620.871221888252	715.84951170131	863.617144409682	1004.1651611682	1191.47984139279	1419.1965988945	1666.86541748424	2055.44962452095	2427.45274067888
17	622.031068943871	715.649851540747	861.523425510443	1000.57927239812	1186.4364056182	1413.25280148257	1661.0594527009	2052.20870378287	2429.3040250868
17.25	623.100890173493	715.389828215896	859.403952036349	996.987591387147	1181.3982230767	1407.31464224131	1655.26118157221	2049.03001672916	2431.38668436925
17.5	624.088433883191	715.076930760792	857.266423425401	993.39855455475	1176.37513891953	1401.39384761092	1649.48444116165	2045.93246956444	2433.73122572485
17.75	624.999921114449	714.716917834337	855.116459611204	989.818167878244	1171.37409868754	1395.49869142602	1643.7390421723	2042.9301784222	2436.36318920368
18	625.837599845046	714.311029869609	852.954273297245	986.246153713174	1166.39457340624	1389.62850759181	1638.02424496892	2040.02423087775	2439.2932072303
