age	C0.4	C2	C10	C25	C50	C75	C90	C98	C99.6
6	198.867753997737	275.197980331189	373.710331134077	451.15567187906	537.203068062174	623.250464245288	700.695804990272	799.20815579316	875.538382126611
6.25	198.598258296886	274.822367023109	373.197761662604	450.535434519706	536.463203862578	622.390973205451	699.728646062553	798.104040702047	874.32814942827
6.5	198.328762596035	274.44675371503	372.68519219113	449.915197160351	535.723339662982	621.531482165614	698.761487134834	796.999925610934	873.117916729929
6.75	198.059426371983	274.071344333868	372.172884014222	449.295266195055	534.983831966256	620.672397737457	697.79477991829	795.896319598644	871.908237560529
7	197.791188341772	273.697178871116	371.662007828925	448.676915074841	534.246068390554	619.815221706266	696.830128952182	794.794957909992	870.700948439335
7.25	197.525406607335	273.32561851641	371.153928809885	448.061512107167	533.511420724112	618.961329341058	695.868912638339	793.697222931815	869.49743484089
7.5	197.264207786661	272.958791106439	370.650776366654	447.451187938088	532.782020986833	618.112854035578	694.913265607011	792.605250867226	868.299834187004
7.75	197.009806098594	272.598912534403	370.15476855337	446.848162320559	532.06009081918	617.272019317801	693.96541308499	791.521269103956	867.110375539765
8	196.763424851595	272.247209800623	369.667137135092	446.253670765435	531.346869893858	616.440069022281	693.026602652624	790.446529987094	865.930314936122
8.25	196.525701945205	271.904322721953	369.188524403175	445.668357509392	530.643004608938	615.617651708484	692.0974848147	789.381686495923	864.76030727267
8.5	196.296559666612	271.57018707356	368.718883540473	445.092189420312	529.948477037361	614.804764654411	691.17807053425	788.326767001163	863.600394408111
8.75	196.075099213104	271.243899601603	368.25730554848	444.524252983532	529.262368646684	614.000484309836	690.267431744889	787.280837691765	862.449638080265
9	195.859777925357	270.923924527239	367.802263528355	443.963028281209	528.583167275463	613.203306269716	689.36407102257	786.242410023686	861.306556625568
9.25	195.647256983054	270.606925997384	367.350425456547	443.405186300375	527.907547255702	612.409908211029	688.464669054857	785.20816851402	860.16783752835
9.5	195.43390260314	270.289272659113	366.898163116474	442.847101290079	527.231885575949	611.616669861818	687.565608035424	784.174498492785	859.029868548757
9.75	195.217044779211	269.968295762595	366.442809380048	442.286107397164	526.553517799585	610.820928202005	686.664226219122	783.138739836575	857.889990819958
10	194.994560794592	269.641873125662	365.98224275494	441.720083671617	525.87032357915	610.020563486683	685.75840440336	782.098774032638	856.746086363708
10.25	194.764594447789	269.308148685791	365.514607357981	441.147174371268	525.180447329136	609.213720287003	684.84628730029	781.05274597248	855.596300210482
10.5	194.525633021829	268.965609437371	365.038389811047	440.565865825142	524.482375053187	608.398884281231	683.926360295327	779.999140669002	854.439117084544
10.75	194.275634129945	268.612212726886	364.551547116347	439.974114764798	523.774063182152	607.574011599505	682.996579247956	778.935913637418	853.272492234359
11	194.010724767406	268.244084980536	364.050204965644	439.368046304619	523.051636188901	606.735226073184	682.053067412159	777.859187397266	852.092547610396
11.25	193.726566208279	267.856886788751	363.530023067055	438.743319459098	522.310752317262	605.878185175426	681.091481567468	776.764617845772	850.894938426244
11.5	193.418008921644	267.445465380979	362.985844468936	438.094773989626	521.546247676571	604.997721363516	680.106650884207	775.647029972164	849.674486431499
11.75	193.079469140912	267.004232422774	362.412074941535	437.416811031869	520.752518253133	604.088225474397	679.092961564731	774.500804083492	848.425567365354
12	192.705246621475	266.527482645324	361.803002731761	436.70371373513	519.923841532441	603.143969329752	678.044680333121	773.320200419558	847.142436443406
12.25	192.289499626852	266.009368725951	361.152773307352	435.94962189934	519.054351017083	602.159080134825	676.955928726813	772.099333308214	845.819202407313
12.5	191.82686867791	265.444526003171	360.456015318442	435.149158916573	518.138664257046	601.128169597519	675.821313195649	770.83280251092	844.450459836181
12.75	191.313520060063	264.829116883552	359.708886165533	434.298478251817	517.172930344678	600.047382437538	674.636974523823	769.516743805803	843.032340629292
13	190.746079220663	264.159763372245	358.908003411245	433.394193975208	516.153759469707	598.913324964206	673.399515528168	768.147755567169	841.561439718751
13.25	190.122557499232	263.434474857671	358.051373925896	432.434310977455	515.079154323357	597.723997669259	672.106934720818	766.723833789043	840.035751147482
13.5	189.441690906545	262.651986118018	357.137730896885	431.417561195365	513.947845452934	596.478129710503	670.757960008984	765.243704787851	838.453999999324
13.75	188.70306434141	261.811880900105	356.166656584266	430.343525720173	512.759412651032	595.17529958189	669.352168717797	763.706944401958	836.815760960653
14	187.907273250852	260.914753547779	355.138743908121	429.212796352668	511.514446474822	593.816096596976	667.890149041523	762.114139401864	835.121619698791
14.25	187.055381641552	259.961667022749	354.055054481504	428.026433645663	510.214006299115	592.401578952567	666.372958116726	760.466345575481	833.372630956678
14.5	186.149653801839	258.954884713406	352.917850531346	426.786698913006	508.860352423258	590.934005933509	664.80285431517	758.765820133109	831.571051044677
14.75	185.192684782558	257.897000801121	351.729725116861	425.496184331734	507.45607604412	589.415967756507	663.18242697138	757.01515128712	829.719467305683
15	184.187961543507	256.791501387519	350.494163232114	424.158374025202	506.00466031764	587.850946610077	661.515157403165	755.21781924776	827.821359091772
15.25	183.139405623022	255.642307145189	349.215084432356	422.777186670267	504.510022944711	586.242859219155	659.804961457066	753.377738744232	825.8806402664
15.5	182.05129669995	254.453696928804	347.89676650857	421.356899221696	502.976439951007	584.595980680317	658.056113393443	751.499182973209	823.901583202063
15.75	180.928298263385	253.230333320338	346.543870871999	419.902172170361	501.408570804797	582.914969439234	656.273270737596	749.586808289256	821.88884334621
16	179.775413959911	251.977219235037	345.161399494017	418.418006745614	499.811415910996	581.204825076378	654.461432327974	747.645612586954	819.84741786208
16.25	178.598507916109	250.700218407755	343.755215603912	416.910265779291	498.190837659842	579.471409540394	652.626459715773	745.68145691193	817.783167403576
16.5	177.403507116013	249.405257583683	342.331245638623	415.384875466002	496.552761976699	577.720648487395	650.774278314774	743.700266369714	815.702016837384
16.75	176.195706759327	248.097632410914	340.894785824937	413.847132487471	494.902486048758	575.957839610045	648.910186272579	741.707339686602	813.609265338189
17	174.980065619386	246.782302414696	339.450796658527	412.30199810227	493.244971982228	574.187945862187	647.03914730593	739.70764154976	811.509878345071
17.25	173.760169817018	245.462854409713	338.002865849569	410.753060724568	491.583808973464	572.41455722236	645.164752097358	737.704763537215	809.407448129909
17.5	172.538126133382	244.141395807099	336.553101622253	409.202429217732	489.921106596008	570.639783974284	643.289111569763	735.700817384916	807.304087058633
17.75	171.315452743612	242.81944508615	335.103022848425	407.651622762214	488.258384373195	568.865145984175	641.413745897964	733.697323660239	805.201316002777
18	170.092342430775	241.497188830402	333.652808110463	406.100813650292	486.595807608543	567.090801566794	639.538807106623	731.694426386684	803.099272786311
