age	C0.4	C2	C10	C25	C50	C75	C90	C98	C99.6
6	267.229681832633	549.418643051973	924.993805355028	1207.60614579853	1508.94184212104	1799.51278797711	2053.58155405416	2368.36563923894	2606.78669689724
6.25	276.681439576328	554.657242777552	922.209309547282	1200.54124538005	1499.18446158075	1788.7479749904	2043.02900943557	2359.29569328834	2599.63170392719
6.5	286.998627921005	560.061121690266	919.490108542384	1193.5370612546	1489.4668684919	1778.00168644909	2032.48961538972	2350.26240573556	2592.55925153552
6.75	298.080201185186	565.57051465	916.828033161246	1186.59965690876	1479.80347091469	1767.29364513239	2021.98701703364	2341.2947033563	2585.60333041955
7	309.797173569712	571.13497041224	914.229642656128	1179.75354573804	1470.23158842678	1756.67103672928	2011.57643552909	2332.45836007707	2578.83893132473
7.25	321.986285757474	576.691021983287	911.677157023041	1172.99082540873	1460.74789315024	1746.13254049298	2001.2577142481	2323.75527970022	2572.27080483142
7.5	334.467255712141	582.178676548767	909.153091542974	1166.3029561547	1451.34797791449	1735.67548855849	1991.02915525411	2315.18564408374	2565.90193202594
7.75	347.055181572942	587.543563896203	906.641313408054	1159.6818443219	1442.02758576838	1725.29727924251	1980.88910953645	2306.74973609698	2559.73553486519
8	359.572939614965	592.738319133212	904.127337355109	1153.11998182658	1432.78267470488	1714.9954049263	1970.83598603885	2298.4479366726	2553.77507456686
8.25	371.861979057908	597.723617337308	901.598631241274	1146.61064575826	1423.60956762191	1704.76758191819	1960.86837552328	2290.28085220184	2548.02439266481
8.5	383.789961678639	602.468530173445	899.044536024841	1140.14769182225	1414.5046338466	1694.61133572172	1950.98455578094	2282.24872471145	2542.48705653685
8.75	395.255206030891	606.950935523834	896.456795559534	1133.72616051276	1405.46497592276	1684.52477746711	1941.18335593468	2274.35241828352	2537.16745320165
9	406.18712794511	611.156801470491	893.829122549265	1127.34181951957	1396.48789353328	1674.50597717395	1931.46344502388	2266.59260067687	2532.06989552647
9.25	416.5442150846	615.07957478613	891.157310249805	1120.99142546926	1387.5712293169	1664.55337449789	1921.82379844423	2258.9702848075	2527.19923325918
9.5	426.309821205051	618.719034202894	888.438965088201	1114.67259739014	1378.7132834321	1654.66570134989	1912.26361922159	2251.48674804984	2522.56078061343
9.75	435.486932722319	622.080050330525	885.673311050049	1108.38382403916	1369.91291313095	1644.84213418831	1902.78252751657	2244.14376896146	2518.16060097353
10	444.092568768583	625.171167162547	882.860799177977	1102.12425475037	1361.16938352673	1635.0821596257	1893.38042643395	2236.94349087631	2514.00537978807
10.25	452.152568969514	628.003254842594	880.002716385498	1095.89348523026	1352.48221537128	1625.38543972327	1884.0573696268	2229.88828983998	2510.10230477113
10.5	459.697284018708	630.588396056107	877.100885403605	1089.69142188384	1343.85111677944	1615.75177220894	1874.81353537296	2222.98076515385	2506.45908318186
10.75	466.758354078801	632.938994108178	874.157365174399	1083.51809676873	1335.27583567658	1606.18094844662	1865.64907915856	2216.22358440706	2503.08379613933
11	473.366607238495	635.067142914629	871.174193335178	1077.37347806959	1326.75598305051	1596.67256487188	1856.56392536639	2209.61924916987	2499.98465996069
11.25	479.551023861748	636.984381684426	868.153378551826	1071.25753811244	1318.29115249105	1587.22618269591	1847.55796066026	2203.17033762269	2497.17032922748
11.5	485.338345070686	638.701575515531	865.09685912288	1065.17023711701	1309.88091572903	1577.84132787331	1838.63103562694	2196.87951400545	2494.64993545794
11.75	490.753066748755	640.228899415896	862.006491112802	1059.11152401233	1301.52483359264	1568.51750954628	1829.78298954681	2190.7495692334	2492.43316653911
12	495.817621135721	641.575890685508	858.884073268193	1053.08136936454	1293.22250002219	1559.25427512148	1821.01371625563	2184.78351012198	2490.53040420816
12.25	500.552591991089	642.75150091947	855.731353439881	1047.07976981039	1284.97354782267	1550.0512174398	1812.32317317285	2178.98458062721	2488.95278767169
12.5	504.976889731864	643.764111414577	852.54998933486	1041.10669737223	1276.77758817816	1540.90790368415	1803.71130034677	2173.35617761637	2487.71216224502
12.75	509.107903629903	644.621546460644	849.341512240092	1035.16205246198	1268.63415426642	1531.82380845816	1795.17794336813	2167.90177032343	2486.82103497729
13	512.961677448389	645.331140794365	846.107366654098	1029.24570887191	1260.54275685317	1522.79838142961	1786.72293351957	2162.62501012937	2486.29275343741
13.25	516.55298513174	645.899713292329	842.848846736208	1023.35744528509	1252.50281479685	1513.83097843988	1778.34602136459	2157.52968254516	2486.14152362877
13.5	519.895487736694	646.333642303224	839.567144601265	1017.49699255147	1244.5137037252	1504.92091131245	1770.0469279351	2152.61977437118	2486.38254543786
13.75	523.001868712847	646.638929497266	836.263388383324	1011.66406929183	1236.57479082639	1496.06748095276	1761.82537606081	2147.89951722423	2487.03212729374
14	525.883921748987	646.82122385093	832.93864124346	1005.85837783523	1228.68542980944	1487.26997115844	1753.68108351972	2143.37339647265	2488.10777718613
14.25	528.55265299698	646.885873856905	829.59394005822	1000.0796488035	1220.8450163126	1478.52771710659	1745.61384609895	2139.04627477269	2489.62843939832
14.5	531.018375749376	646.837979853408	826.230337653574	994.327690871575	1213.05305074326	1469.84018434246	1737.62363486642	2134.92353786855	2491.61477127216
14.75	533.290755505967	646.682389592668	822.848869298589	988.602344993163	1205.30907932114	1461.20689488939	1729.71050812322	2131.01100901801	2494.08915882197
15	535.378919785598	646.423782799209	819.450640360964	982.903589216937	1197.61282465365	1452.6275895622	1721.87480923126	2127.31522672679	2497.07617960181
15.25	537.291476498441	646.066646648805	816.036771363145	977.23146744671	1189.96409571181	1444.10211643394	1714.11703432936	2123.84331030661	2500.60259409081
15.5	539.036549945356	645.615277291237	812.608377102195	971.586058089049	1182.36274433083	1435.63037249861	1706.43775907348	2120.60289379016	2504.69742937533
15.75	540.621833339888	645.073808482293	809.166586153101	965.967495167974	1174.80869050862	1427.21233412758	1698.83767584646	2117.60220664148	2509.39226339323
16	542.054594262467	644.446188608898	805.712498586588	960.375917359117	1167.30186224956	1418.84798648982	1691.31751384792	2114.85001699346	2514.72137705459
16.25	543.341726448973	643.736214528568	802.247213425561	954.811497716602	1159.842229869	1410.53736316183	1683.8780854571	2112.35572823755	2520.72211102505
16.5	544.48975427388	642.947513962464	798.771796164916	949.274405128669	1152.42976145158	1402.28049487901	1676.52022966028	2110.1293595661	2527.43512733585
16.75	545.504843217008	642.083535874042	795.287254670331	943.764773337001	1145.06438402964	1394.07736090392	1669.2447539232	2108.18152175325	2534.90469939478
17	546.392829625884	641.147567281291	791.794551078497	938.282714756132	1137.7460014921	1385.92791189258	1662.05246387227	2106.52351174746	2543.17919454671
17.25	547.159215255853	640.142709226277	788.294561889111	932.828270965763	1130.4744330144	1377.83199266376	1654.94406946024	2105.167251041	2552.31141935433
17.5	547.809184142079	639.071881631923	784.788076035391	927.401409644527	1123.24940946609	1369.78933729719	1647.92017936965	2104.12534407822	2562.35917709428
17.75	548.347630376586	637.937843031496	781.275813122086	922.002046696103	1116.07060225368	1361.79960634481	1640.98134914296	2103.41121815301	2573.38600915761
18	548.77820270523	636.742069026212	777.757045408594	916.62842025453	1108.93565478453	1353.85998133773	1634.12517662965	2103.03546528427	2585.45735596722
