age	C0.4	C2	C10	C25	C50	C75	C90	C98	C99.6
6	630.069727254764	814.438616620074	1052.38645954865	1239.44880883731	1447.28865982574	1655.12851081417	1842.19086010283	2080.1387030314	2264.50759239671
6.25	630.609620907989	814.364894018468	1051.52079930113	1237.96056796577	1445.10868668089	1652.25680539601	1838.69657406065	2075.85247934331	2259.60775245379
6.5	631.149514561214	814.291171416861	1050.65513905361	1236.47232709424	1442.92871353604	1649.38509997785	1835.20228801848	2071.56625565523	2254.70791251087
6.75	631.686682476124	814.215338017807	1049.78816165585	1234.98339299704	1440.74874039106	1646.51408778507	1831.70931912626	2067.2821427643	2249.81079830599
7	632.214941090798	814.132605303489	1048.91687904419	1233.49219303496	1438.56876724598	1643.645341457	1828.22065544777	2063.00492918847	2244.92259340116
7.25	632.734169175841	814.04287939452	1048.04123263737	1231.99869637629	1436.3887941009	1640.77889182552	1824.73635556443	2058.73470880728	2240.04341902596
7.5	633.244416490817	813.946198824435	1047.16124648053	1230.50291567613	1434.20882095577	1637.91472623541	1821.25639543101	2054.47144308711	2235.17322542073
7.75	633.745727416151	813.842597961184	1046.27694201945	1229.00486222152	1432.02884781052	1635.05283339952	1817.78075360159	2050.21509765986	2230.31196820489
8	634.238125080428	813.732094715432	1045.3883304305	1227.50454189469	1429.84887466519	1632.19320743568	1814.30941889988	2045.96565461495	2225.45962424995
8.25	634.721578237936	813.614653525173	1044.49537058104	1226.00190918364	1427.668851142	1629.33579310036	1810.84233170296	2041.72304875883	2220.61612404606
8.5	635.196233076031	813.490421641698	1043.59821109548	1224.49711379226	1425.48892814423	1626.4807424962	1807.37964519298	2037.48743464676	2215.78162321243
8.75	635.661996011395	813.359292652839	1042.69672900465	1222.99001973511	1423.30895522442	1623.62789071372	1803.92118144419	2033.25861779599	2210.95591443744
9	636.118938765599	813.221333394919	1041.79098483992	1221.48068258695	1421.12898245016	1620.77728231337	1800.4669800604	2029.0366315054	2206.13902613472
9.25	636.567078689138	813.076557101866	1040.88098652237	1219.96910609214	1418.94900892519	1617.92891175824	1797.01703132801	2024.82146074851	2201.33093916124
9.5	637.006433276728	812.924977570227	1039.96674307564	1218.45529552214	1416.76903575201	1615.08277598189	1793.57132842839	2020.6130939338	2196.5316382273
9.75	637.437028146637	812.766614572664	1039.04826672803	1216.93925717423	1414.58906263813	1612.23886810203	1790.12985854823	2016.4115107036	2191.74109712962
10	637.858894391149	812.601492161254	1038.12557244546	1215.42099887128	1412.40908946995	1609.39718006862	1786.69260649445	2012.21668677865	2186.95928454876
10.25	638.272066576136	812.429637208147	1037.19867717051	1213.90052974976	1410.22911671078	1606.5577036718	1783.25955625105	2008.02859621341	2182.18616684542
10.5	638.676577885923	812.251074958952	1036.26759590302	1212.3778567548	1408.04914235641	1603.72042795801	1779.83068880979	2003.84720975386	2177.42170682689
10.75	639.072468738665	812.065837527228	1035.33235003859	1210.85299285609	1405.8691700147	1600.88534717331	1776.40598999081	1999.67250250217	2172.66587129073
11	639.459764768577	811.8739441309	1034.39295051422	1209.3259424806	1403.68919687953	1598.05245127846	1772.98544324484	1995.50444962816	2167.91862899048
11.25	639.838497028474	811.675418994455	1033.44941274171	1207.79671411205	1401.509223737	1595.22173336196	1769.5690347323	1991.34302847955	2163.17995044553
11.5	640.2087184432	811.470303105554	1032.50176230251	1206.26532122031	1399.32925060016	1592.39317998001	1766.15673889781	1987.18819809476	2158.44978275712
11.75	640.570493526623	811.258646422008	1031.55003036827	1204.73178020833	1397.14927746284	1589.56677471735	1762.74852455741	1983.03990850367	2153.72806139905
12	640.923885440407	811.040497856779	1030.59424746247	1203.19610714273	1394.96930432904	1586.74250151535	1759.3443611956	1978.8981108013	2149.01472321767
12.25	641.268955664692	810.815905020999	1029.63444329682	1201.65831766357	1392.78933120423	1583.92034474489	1755.94421911165	1974.76275738746	2144.30970674377
12.5	641.605761490111	810.584912275883	1028.6706455457	1200.11842632697	1390.60935806914	1581.1002898113	1752.54807059257	1970.63380386239	2139.61295464816
12.75	641.934348751137	810.347555119727	1027.70287636749	1198.57644480409	1388.4293849429	1578.28232508171	1749.15589351832	1966.51121476608	2134.92442113467
13	642.254760677749	810.103867025501	1026.73115664268	1197.0323840759	1386.24941180738	1575.46643953886	1745.76766697208	1962.39495658926	2130.24406293701
13.25	642.567038843619	809.853880196989	1025.7555064822	1195.48625474655	1384.069438704	1572.65262266145	1742.38337092579	1958.284997211	2125.57183856437
13.5	642.871224073349	809.597626235651	1024.77594558407	1193.93806715616	1381.8894655756	1569.84086399505	1739.00298556714	1954.18130491555	2120.90770707786
13.75	643.167354753512	809.335134875275	1023.79249251472	1192.38783109198	1379.70949245511	1567.03115381824	1735.62649239551	1950.08385003495	2116.25163015671
14	643.45546678173	809.066433913054	1022.80516461687	1190.83555567796	1377.52951933483	1564.22348299169	1732.25387405279	1945.9926047566	2111.60357188793
14.25	643.735594294064	808.791549783679	1021.81397838577	1189.28124959547	1375.34954621433	1561.41784283319	1728.88511404289	1941.90754264498	2106.9634981346
14.5	644.007767166704	808.510505623011	1020.81894825816	1187.72492044245	1373.16957309316	1558.61422574387	1725.52019792816	1937.82864056331	2102.33137901962
14.75	644.272013760124	808.223323393143	1019.82008793834	1186.16657543134	1370.98959997084	1555.81262451033	1722.15911200333	1933.75587654853	2097.70718618155
15	644.528357252673	807.930021042715	1018.81740862545	1184.60622045517	1368.80962684492	1553.01303323466	1718.80184506439	1929.68923264712	2093.09089643716
15.25	644.77681861057	807.630614816711	1017.8109204712	1183.04386087546	1366.62965375464	1550.21544663382	1715.44838703808	1925.62869269257	2088.48248889871
15.5	645.017412083318	807.32511572535	1016.80063030519	1181.47950023518	1364.44968059133	1547.41986094748	1712.09873087746	1921.5742454573	2083.88194909933
15.75	645.250148173181	807.013531924854	1015.7865432558	1179.9131412824	1362.26970745835	1544.6262736343	1708.7528716609	1917.52588299184	2079.28926674352
16	645.475030826385	806.695866463618	1014.76866121268	1178.34478499583	1360.08973432229	1541.83468364874	1705.41080743189	1913.48360218096	2074.70443781819
16.25	645.692050707031	806.372112112003	1013.74697966456	1176.77442900122	1357.90976118327	1539.04509336532	1702.07254270199	1909.44741025454	2070.12747165951
16.5	645.901196757408	806.042260307115	1012.72149326837	1175.20207048678	1355.72978804194	1536.2575055971	1698.73808281551	1905.41731577676	2065.55837932647
16.75	646.1024601703	805.706304228868	1011.69219776862	1173.62770721316	1353.54981489905	1533.47192258494	1695.40743202949	1901.39332556924	2060.99716962781
17	646.295833465959	805.364238085173	1010.65908955133	1172.05133727872	1351.36984175545	1530.68834623219	1692.08059395958	1897.37544542573	2056.44385004495
17.25	646.481312719772	805.016058836945	1009.62216672028	1170.47295968568	1349.18986861165	1527.90677753761	1688.75757050301	1893.36367838635	2051.89842450352
17.5	646.658897759172	804.661766350587	1008.58142919218	1168.8925743903	1347.0098954678	1525.12721654531	1685.43836174342	1889.35802458502	2047.36089317643
17.75	646.828600495594	804.301369850269	1007.53688272299	1167.31018442201	1344.82992232401	1522.349660226	1682.12296192502	1885.35847479774	2042.83124415242
18	646.99078738221	803.935153115401	1006.48870439276	1165.72588297932	1342.64994918025	1519.57401538118	1678.81119396774	1881.36474524509	2038.30911097829
