age	C0.4	C2	C10	C25	C50	C75	C90	C98	C99.6
6	124.462431772358	361.993957057375	654.474773847216	842.849927435398	1039.64505549233	1274.65521351527	1605.25918100198	2606.08710675596	5372.64982127253
6.25	294.208819293961	470.739094781549	685.259132783187	845.660649168846	1030.71013689752	1249.11630100623	1514.26103203136	2078.29494855782	2960.59871180921
6.5	354.385294052291	501.865048409172	690.812811834568	841.571352931708	1021.81465521071	1233.5480753289	1477.46657831447	1936.7112271802	2532.08738062528
6.75	382.995423778384	514.812239352853	690.343298703742	835.73004292335	1012.9426989871	1220.49736928876	1452.78354544162	1862.04106056045	2341.59495378432
7	401.164518279012	521.932509991032	687.961065968358	829.367382890652	1004.14638573988	1208.35928490819	1432.10391397086	1807.77440536173	2216.97649963971
7.25	412.304730123677	525.156601900552	684.279805950984	822.655934383199	995.426445536004	1196.88908465796	1414.15208025155	1766.21400456989	2129.68088799235
7.5	418.57113774303	525.676093560137	679.688509990903	815.708419365987	986.782160294563	1185.92543539209	1398.13971704103	1733.05948760977	2065.37002540754
7.75	421.422517127372	524.295761690157	674.458278865702	808.606026462457	978.212839660855	1175.35275378052	1383.53190396528	1705.64209465419	2015.91468058393
8	421.857094021032	521.56942419614	668.780615897904	801.407469985867	969.717752450036	1165.08748485301	1369.95807876497	1682.23724852522	1976.41797503002
8.25	420.568044202994	517.884775140347	662.792422077831	794.155423934766	961.296156892206	1155.06874243256	1357.15711358432	1661.6937462024	1943.78551497804
8.5	418.043455497608	513.516993712974	656.592414937198	786.880948262044	952.947243146242	1145.25177772251	1344.94243293167	1643.22332853193	1915.98737199986
8.75	414.631118589968	508.66355742027	650.252292621792	779.606728915595	944.670216108939	1135.60355098557	1333.17939138502	1626.27571353754	1891.65296531298
9	410.581340309184	503.467399713391	643.824365567113	772.349313875978	936.464272424955	1126.09951485948	1321.769993891	1610.46083124354	1869.83570439644
9.25	406.075700572538	498.032685571717	637.346987510503	765.120834424165	928.328704244119	1116.72144326127	1310.6425791402	1595.4991185535	1849.87064749784
9.5	401.246711841513	492.435679423751	630.848321758877	757.93014486293	920.262845660811	1107.45571548837	1299.74444729458	1581.18839507762	1831.28443244037
9.75	396.191579099946	486.732481276772	624.349158352762	750.7837906496	912.266196741475	1098.29226364101	1289.03686670574	1567.38166883812	1813.73690515302
10	390.981840560258	480.96445002591	617.864840392131	743.686582010628	904.338348387709	1089.22360364522	1278.49126763414	1553.97150924179	1796.9817414968
10.25	385.670258910831	475.162108909154	611.406665775933	736.642010774336	896.478917035233	1080.24410857504	1268.0864702826	1540.87902751912	1780.83944782371
10.5	380.295815005941	469.348007800367	604.982950133322	729.652601787186	888.687550367451	1071.34953961138	1257.8067467706	1528.04612711315	1765.17865615749
10.75	374.887306073205	463.538778243666	598.599767836114	722.720127629118	880.963881645409	1062.53664541866	1247.64034588239	1515.42986904938	1749.90283614892
11	369.465980526111	457.746643652388	592.261497239539	715.845762594059	873.307485931868	1053.80285027049	1237.57838865709	1502.99836022681	1734.94076049983
11.25	364.047507177895	451.980574109499	585.971278982454	709.030263510371	865.717928708653	1045.1461204679	1227.61416872256	1490.72789330679	1720.23978554302
11.5	358.643414117627	446.247122694151	579.731332805614	702.274076005767	858.194767597604	1036.56482379249	1217.74258732253	1478.60079421483	1705.76090557538
11.75	353.262154259815	440.551047105139	573.543195487572	695.577416661013	850.737557267088	1028.05762949783	1207.95974089245	1466.60384864236	1691.47515482355
12	347.909907821408	434.895785622837	567.407914853487	688.94035326439	843.345874367045	1019.62345736651	1198.2626407231	1454.72717005114	1677.36099962125
12.25	342.591169163399	429.283800913215	561.326182812115	682.362852075194	836.01932226516	1011.26142474027	1188.64898903885	1442.96334721703	1663.40240489686
12.5	337.309170324621	423.716821225886	555.298417500281	675.844794438943	828.757514397159	1002.97078581211	1179.11699104635	1431.30679262915	1649.5873898335
12.75	332.066211692634	418.196038472036	549.32484709969	669.386015241749	821.56009196699	994.750920794227	1169.66525371355	1419.75330396554	1635.90701036912
13	326.863887948858	412.722231424512	543.40554168222	662.986295160455	814.426693296854	986.601275474703	1160.29264949875	1408.29966566734	1622.35452303046
13.25	321.703244319596	407.295842611699	537.540417742045	656.645331786167	807.356902965008	978.521282585816	1150.99817574001	1396.94330605211	1608.9247118331
13.5	316.584921613155	401.917070557083	531.729285940685	650.362771030534	800.350277692451	970.51037951015	1141.78093915949	1385.68215084033	1595.61351477853
13.75	311.509239325395	396.585908634038	525.971849893243	644.138187863064	793.406315965118	962.567964259139	1132.64007984001	1374.51443986193	1582.41766403383
14	306.476265967573	391.302183716053	520.267716618188	637.97108459486	786.524449427747	954.69337806057	1123.57473122199	1363.43860904564	1569.33443859479
14.25	301.485894196788	386.065612197526	514.616437891499	631.860928590712	779.704081929585	946.88594477381	1114.58404935572	1352.45327080182	1556.36155637464
14.5	296.537857570606	380.875794887462	509.017483228685	625.807112961147	772.944539548764	939.144908399602	1105.6671303361	1341.55707782782	1543.49695801258
14.75	291.631794955571	375.732274697428	503.470295076559	619.809014751756	766.245135783052	931.469505547199	1096.82308430082	1330.74878051159	1530.73882490673
15	286.767265454096	370.634538699895	497.97427706825	613.865974508817	759.605142487342	923.85892601931	1088.05098120681	1320.02713755145	1518.08544088589
15.25	281.943776536766	365.582042323702	492.528816887919	607.977321157337	753.023819390476	916.312347545322	1079.34988788758	1309.39094638424	1505.53520351332
15.5	277.16080542628	360.574226811755	487.133300949737	602.142386354286	746.500429419492	908.828952002607	1070.71888287145	1298.83904847796	1493.08661115306
15.75	272.417811926012	355.610528926054	481.787121823742	596.36051155266	740.034246404036	901.407933751391	1062.15706366988	1288.37032956998	1480.73824972127
16	267.714250117658	350.690393281245	476.48969378841	590.631068062654	733.624581914034	894.048534327217	1053.66358830454	1277.98376702309	1468.48883972451
16.25	263.049590712195	345.81329879668	471.240487147948	584.953499677905	727.270839136046	886.750109129069	1045.23775401534	1267.67852262652	1456.33733713016
16.5	258.423302387731	340.978731271322	466.038988101526	579.327271347738	720.972447553436	879.512045886362	1036.87889846881	1257.45381663115	1444.28278077236
16.75	253.834861673243	336.186193870235	460.884710808429	573.751883158472	714.728879650007	872.333784383882	1028.58642197939	1247.30895180723	1432.32431574552
17	249.283746056743	331.435197157754	455.777183208262	568.226852629905	708.539628946734	865.214789580634	1020.35975523921	1237.24327217481	1420.46114268826
17.25	244.76942495759	326.725245291894	450.715926073347	562.751687369568	702.404174651454	858.154507094601	1012.19830526692	1227.25609445465	1408.69243557578
17.5	240.291360997254	322.05583670556	445.700453017667	557.325884659765	696.321980870737	851.152362014522	1004.10145364811	1217.34670488456	1397.01733647957
17.75	235.849006640898	317.426458254655	440.730260934405	551.948918626919	690.292479791425	844.207737637789	996.068530751787	1207.51432668182	1385.43491672826
18	231.441227527035	312.835730213964	435.803540325724	546.618549376542	684.312873855771	837.317206401003	988.095477634517	1197.75398304592	1373.93936308296
