age	C0.4	C2	C10	C25	C50	C75	C90	C98	C99.6
6	148.910035678188	420.380093121563	812.224592494106	1086.64544246084	1369.30863746627	1655.8928529142	1944.69677639602	2410.03950068472	2913.75210226635
6.25	152.847215327648	420.419582514817	797.739969962861	1063.30140829189	1339.0820210605	1619.98617997129	1902.97556026628	2356.54674859598	2843.23335453116
6.5	157.510149246268	420.425517269956	783.213948941927	1040.04324230788	1308.95665722863	1584.19237038951	1861.52619340041	2304.10237789952	2775.38728909447
6.75	162.977959919005	420.476283241507	768.842935241128	1017.1261148224	1279.255814877	1548.89314932942	1820.75092115249	2253.01601199321	2710.2293598737
7	169.487503133225	420.957646020752	755.280740174087	995.384672485432	1251.02323399804	1515.33883260536	1782.06290052466	2204.80810231886	2649.16372496777
7.25	177.130810926456	422.112974562327	743.067656410186	975.539533893048	1225.17133112937	1484.63903805789	1746.76362009266	2161.05757236594	2594.01621416426
7.5	186.175603549023	424.640657305808	733.487990697063	959.272086635271	1203.81497319361	1459.36335695667	1717.87785747076	2125.48440070128	2549.18997907246
7.75	196.96800986046	429.372487834862	727.946174200938	948.39187823534	1189.22201325527	1442.27114194407	1698.66133239045	2102.10136967435	2519.43502077069
8	209.879640946881	437.110148675399	727.682168147683	944.465252054935	1183.34707520601	1435.74629587537	1691.93631181994	2094.39589769124	2508.87348899879
8.25	225.347667575883	448.687269113771	733.890848504085	948.975356124497	1188.03306682911	1442.04120761869	1700.37900928044	2105.6888084563	2521.43682630277
8.5	243.34536785176	463.936349473042	746.071511140416	961.198758973043	1202.35567450113	1460.05200847335	1722.71516554314	2134.42354495857	2555.23166493379
8.75	262.918049785672	481.034485399239	761.138318848468	977.104756950714	1221.25923993245	1483.65429922705	1751.74263328419	2171.70294275915	2599.59895258412
9	282.502001895089	497.369045318872	774.967651524843	991.392628302015	1238.1179558264	1504.80484289772	1777.97462270295	2205.78126904755	2640.48644642976
9.25	299.263582332241	508.516796585996	780.889421212966	995.58666969602	1242.36477793113	1510.65355924859	1786.21383688056	2217.79004373462	2655.31361463805
9.5	310.090403951243	510.103693071261	772.65235707992	981.851684146005	1224.26366886617	1489.33699187592	1762.38246216048	2190.18204458801	2623.05283858626
9.75	315.542669287801	504.012298356687	753.637120488287	954.645135440584	1189.42265571755	1447.64296487998	1714.44163301003	2132.74310533585	2555.36962834676
10	318.71980772113	495.708045508436	732.289118175652	924.753316395809	1151.30936150578	1401.94095331562	1661.73002344388	2069.44860206349	2480.93092528012
10.25	323.212794205027	490.751313045856	716.762422698743	902.458326803421	1122.7220008073	1367.81595854815	1622.71916954989	2023.29094017751	2427.27754486615
10.5	333.100581735448	494.898371458298	715.134605287866	897.825680904752	1116.15161318145	1360.51005101362	1615.54054733144	2016.95439113564	2421.66681467927
10.75	351.313463524058	511.803361530109	732.16999298114	916.664659589714	1138.76695017389	1388.80715241368	1650.72189683931	2063.75389985858	2480.2168567303
11	375.286459254589	537.072487369651	761.089977474355	950.318217571834	1179.75974858652	1439.57589508349	1712.76528421693	2144.5211339752	2580.07302657813
11.25	400.617771479234	564.104334867647	792.30672036087	986.731697730281	1224.13831675119	1494.55091301714	1780.00324075696	2232.25971501714	2688.89123488768
11.5	423.279929673256	587.257459761059	817.919211150464	1016.07341804093	1259.70799652309	1538.84406897255	1834.70817279469	2304.75994600808	2779.96040347015
11.75	439.363223615154	601.360467852896	830.929520317314	1029.72720360836	1275.8117651054	1559.41266604019	1861.27824053374	2342.33256051068	2829.46441948947
12	446.599239656143	603.691205030432	827.894694188902	1023.54988456044	1267.35719114465	1549.98815180395	1852.13276993539	2335.24397349089	2825.46607497171
12.25	445.463163863702	595.272236152836	810.542709408011	999.808137447543	1237.19464156217	1514.0052454013	1811.25808323615	2288.2757864093	2773.50508234842
12.5	437.779413955381	578.816657515906	782.811954210839	963.461655525839	1191.49616782976	1458.97238496478	1747.53179372244	2212.41583758736	2686.6566528568
12.75	427.758386748351	560.016835039762	752.520096681368	924.185663628964	1142.24582973731	1399.53608777869	1678.42965355668	2129.63459901689	2591.42724429888
13	419.528771906375	544.229018345183	726.830578289347	890.76882068056	1100.30371046304	1349.00073030879	1619.90065205052	2060.14707170619	2512.3855070758
13.25	414.897828555382	533.640862589028	708.531843695658	866.577007539313	1069.8104284514	1312.46121097647	1578.10583255284	2011.88236532287	2459.30581034403
13.5	414.607984437153	529.027174775879	698.494075380755	852.610293148902	1051.97887908852	1291.43228699703	1554.93140670401	1987.39526459234	2435.48973369392
13.75	418.753241113378	530.337592476669	696.497176693094	848.535906605018	1046.37646901518	1285.41230802602	1549.84657131096	1986.18440680982	2440.5440437083
14	426.649580918196	536.563081938304	701.084696904045	852.523344564565	1050.72639450756	1291.63223708099	1559.58384790924	2004.24220893641	2469.78008733456
14.25	437.686316895125	546.828509675629	711.013047883675	863.016717128071	1063.09568327179	1307.73932858974	1581.36395239488	2038.16017250795	2519.22378365936
14.5	451.478727588302	560.572569752733	725.475801103626	879.003080378325	1082.22441674648	1332.20354612646	1613.39052907897	2085.77343494981	2586.41996978893
14.75	467.624065428455	577.23325966185	743.685853474438	899.501558102464	1106.89514123551	1363.54344071891	1653.91783809828	2144.96785297336	2668.96865419182
15	485.320781879914	595.777808828091	764.270199770314	922.83176874224	1135.03283624547	1399.21664266853	1699.90258848605	2211.92444190657	2762.330729797
15.25	503.429254369036	614.786837555599	785.38801147098	946.761498684125	1163.88846025	1435.84223953849	1747.26326542446	2281.42626423249	2860.16831810669
15.5	519.538983174596	631.327275759266	803.303635858611	966.793065509112	1187.93480655969	1466.5996468223	1787.69958066482	2342.6606182419	2949.01553899441
15.75	529.69698731874	640.655755069735	812.044404599755	975.769219113252	1198.3889440109	1480.62521356237	1807.91757299169	2378.08732618255	3006.67919244486
16	530.927673355286	639.286745208577	807.311859376608	968.584740326868	1189.00332633766	1470.15648670285	1798.32081230695	2374.76787300512	3016.39467491969
16.25	523.823486809395	628.063080361158	790.308769995491	946.75332635064	1161.66286150842	1437.46910236322	1761.53909180398	2335.74130259608	2981.42128435917
16.5	510.176528091526	609.234985357022	763.977275598608	913.857405734053	1120.78538532165	1387.98114473293	1704.07225551453	2269.21672820975	2911.64738347246
16.75	493.974206222446	587.620129101174	734.421834194776	877.233457807659	1075.38210132062	1332.81965713201	1639.48525189306	2192.96533554121	2829.44361797703
17	479.687416806053	568.532283171818	708.281465394987	844.812304843438	1035.17595365941	1284.0296041568	1582.57533981308	2126.71710292466	2760.18753955862
17.25	469.622558739307	554.653102515736	688.842629000394	820.487093044997	1004.92734886607	1247.53465101474	1540.69728867612	2080.5248022837	2717.2312711903
17.5	464.151703181171	546.354785445587	676.495287569197	804.68529782707	985.145765137488	1223.99704381977	1514.75753956428	2055.90424525457	2703.08875311438
17.75	463.04117976158	543.299214059257	670.752032442826	796.791268587397	975.063665993479	1212.4940773622	1503.70892842079	2051.76135165128	2716.95364278712
18	464.531874203254	543.373569738994	668.950578714024	793.613950703823	970.76499015935	1208.1823062083	1501.62744828974	2060.31645515175	2749.15931746422
