age	C0.4	C2	C10	C25	C50	C75	C90	C98	C99.6
6	142.514805863637	207.527099193394	297.703609230081	372.668844863608	459.545419969793	549.754083332009	633.504498401348	743.215333728042	830.473125412083
6.25	150.282628489158	214.243284445423	303.385168127391	377.855931200424	464.528912868636	554.897864078948	639.098533267464	749.790498114949	838.114348245078
6.5	157.978336973578	220.938496906242	309.080071989337	383.05835489376	469.512763161616	560.016983586601	644.642440624579	756.285517998606	845.657798941877
6.75	165.59854849159	227.612807157716	314.792127828063	388.284446290899	474.511113858012	565.131563464011	650.161602648956	762.732235415804	853.140228190344
7	173.138745088444	234.266132015326	320.52999892879	393.55240334509	479.554365670029	570.285138748465	655.711841311656	769.202589580023	860.646473065023
7.25	180.60571393854	240.900041767098	326.290863399601	398.857473896994	484.636226536898	575.469905379866	661.283770546699	775.684814985152	868.162726786065
7.5	188.002037587204	247.510286961098	332.064177223449	404.18547199538	489.738891390335	580.66431182996	666.852117054707	782.148354690979	875.653997276848
7.75	195.326580997342	254.088810181689	337.835350293955	409.517813728362	494.839669502601	585.841358667383	672.385587569774	788.555797740862	883.077700022265
8	202.563849757828	260.612408153648	343.573430845567	414.818494493426	499.897241969237	590.954198485489	677.831924200778	794.84729786299	890.367620351546
8.25	209.688170537657	267.047502986724	349.236536006309	420.040016962499	504.85813222594	595.943146062124	683.125402799619	800.948700305127	897.442534027323
8.5	216.668631746274	273.356202138739	354.779494352683	425.132388490732	509.667318031056	600.748020240163	688.200831649956	806.787785228321	904.224294704909
8.75	223.469102541947	279.496435240054	360.154240955278	430.043793402014	514.269285937042	605.309663289987	692.995565217924	812.297020694835	910.64124800241
9	230.050368305821	285.423630187692	365.310780319327	434.720895272271	518.607501100833	609.568486112943	697.447149409302	817.409984930675	916.623655131771
9.25	236.369827633333	291.090765377448	370.197871138319	439.110140840706	522.626519843958	613.467519814737	701.497335392389	822.06677346659	922.110316287521
9.5	242.384082867129	296.450596076059	374.764655598781	443.158812041141	526.272289896006	616.9518561612	705.090663645318	826.211396012367	927.044983541967
9.75	248.058364466984	301.466360020826	378.973166076716	446.829053321295	529.507970648587	619.986372602489	708.194005215862	829.813779336758	931.400397328944
10	253.363448798999	306.107888143331	382.793339740535	450.091971541323	532.306957726059	622.547621928779	710.787385005136	832.859184926438	935.166587927657
10.25	258.272911871619	310.347702768553	386.197404894081	452.920484920526	534.643812531005	624.612613018784	712.850630531045	835.3318767408	938.332030360312
10.5	262.763863377615	314.16168172072	389.160429379465	455.289741726278	536.494479779766	626.158755123892	714.363002004103	837.214253264513	940.882314147942
10.75	266.819611140737	317.532635251671	391.665312944694	457.183409898273	537.844205754852	627.173601743134	715.314750314234	838.500954640624	942.816419770937
11	270.441873348641	320.463910764575	393.718331233068	458.610853944578	538.706637199561	627.675983336008	715.730177072058	839.224512675992	944.174489408408
11.25	273.638654239528	322.965637112034	395.333170533862	459.589348069718	539.10392027978	627.693896083651	715.643453260023	839.42843126352	945.008712436836
11.5	276.428689560432	325.059519360383	396.53618586165	460.149702874817	539.072734800633	627.270936282132	715.105405061334	839.174407685143	945.390879223598
11.75	278.837359823528	326.774279103512	397.361219562662	460.330585341109	538.658048067571	626.459474329989	714.176155015935	838.534286039149	945.403801638162
12	280.898166825411	328.146866978159	397.850346988932	460.178780371715	537.912696874549	625.319386777201	712.922925773723	837.58643359184	945.136379683759
12.25	282.654010926569	329.223793933254	398.055263093481	459.750598058016	536.898778509183	623.919371914923	711.421221074681	836.416636136987	944.684172192376
12.5	284.146103739437	330.049218097439	398.024329642645	459.09813157774	535.673066523102	622.321565048896	709.738760232902	835.101227955931	944.131958709738
12.75	285.406985229809	330.656864243669	397.792843213842	458.258015623936	534.273842085853	620.566143965988	707.917791305849	833.686042506879	943.529702732118
13	286.465523574113	331.076362566012	397.391414370629	457.261682820563	532.733545787263	618.68672979012	705.993292716436	832.20866028819	942.918337496721
13.25	287.335146050014	331.321091001207	396.833495992375	456.122838846441	531.066448746612	616.698585952949	703.981992804014	830.689048032062	942.322193141423
13.5	288.021753383066	331.396550383369	396.124276758696	454.8466915527	529.278168721968	614.608320752666	701.89214816617	829.139305800576	941.758629104453
13.75	288.537171387209	331.315393124525	395.277975066568	453.449229513415	527.387391678599	612.438335779993	699.750724008845	827.594767054269	941.272577128194
14	288.900519271516	331.098934840962	394.319593822044	451.959231536311	525.428254461628	610.229709579244	697.606875533474	826.118516043632	940.942151558167
14.25	289.132623235162	330.77031413376	393.276146535965	450.407687712466	523.437425683454	608.026544300787	695.513462190141	824.778749086979	940.852352698602
14.5	289.257699552259	330.356403450917	392.178912778675	448.830373206109	521.457092941288	605.879445328032	693.531059223622	823.653634771592	941.100780311799
14.75	289.299615957495	329.883452492675	391.058140327745	447.26167834102	519.527666210932	603.836910591452	691.717988910729	822.819369900986	941.783985831772
15	289.274614095232	329.368316829693	389.931900262949	445.721167420197	517.671240255801	601.925001850933	690.105865813569	822.319305255043	942.96057309942
15.25	289.194997038268	328.823092514764	388.812200626808	444.221088292966	515.900931083525	600.15883824893	688.713354332273	822.181102028813	944.671476156999
15.5	289.071160807264	328.257248144028	387.707204530357	442.768601293584	514.223024985568	598.544523637101	687.547726881143	822.417508764876	946.939838531228
15.75	288.911073912803	327.677053805349	386.620561628576	441.364991601995	512.635986921525	597.077834916612	686.603118118041	823.023780535767	949.767508214393
16	288.725262569745	327.091575993288	385.558997948923	440.014788557785	511.141618632178	595.757839105469	685.876776514302	823.997971316523	953.159114840028
16.25	288.532135414989	326.518321835168	384.538358453939	438.732089896325	509.751628808882	594.593585436517	685.375694185361	825.347119496342	957.12751895118
16.5	288.349822093739	325.974600112629	383.574393020395	437.530954512197	508.477685044415	593.593961531663	685.106457146952	827.077414689686	961.684585360092
16.75	288.187366338952	325.46799079505	382.672223720844	436.414034246514	507.319079958745	592.754372765479	685.061042262126	829.178941664684	966.825264696038
17	288.049350912337	325.001362508159	381.83190072894	435.378574960408	506.26924187267	592.06376393139	685.224280437295	831.633646058201	972.535901782875
17.25	287.934005270898	324.570570654533	381.045420688963	434.412744772125	505.311081658631	591.498681853175	685.56641231703	834.405311893697	978.78155470963
17.5	287.832794362902	324.164012742467	380.296218127385	433.495049458522	504.416279405545	591.022354964365	686.041868972877	837.43770649928	985.503368203009
17.75	287.738012683102	323.771318231176	379.569574107073	432.606393957437	503.559576096014	590.601733722861	686.609339675622	840.679463182929	992.648165234586
18	287.645366487611	323.38636863622	378.856363702402	431.734574719398	502.724338269739	590.214476730898	687.240442678209	844.095676076629	1000.18319927677
