age	C0.4	C2	C10	C25	C50	C75	C90	C98	C99.6
6	134.729082358021	176.866260571847	233.196403760013	278.769074180987	330.545689239507	383.385597690115	431.75955336614	494.304090205585	543.479994754445
6.25	137.748239489884	178.840429490955	234.305975072359	279.558390156035	331.324944799566	384.495878204287	433.442069251375	497.068164822886	547.340076463631
6.5	140.663616743918	180.773997229677	235.408631937417	280.347345394278	332.104224258418	385.608995456078	435.138145616835	499.877167677597	551.286709145186
6.75	143.482822810287	182.669252408726	236.504881991482	281.136362979099	332.884057406385	386.725618196433	436.848833804368	502.733593862292	555.324773470757
7	146.213110601671	184.528639288523	237.595669686312	281.92644080772	333.665679049518	387.847223896548	438.576070234394	505.640942835262	559.460325252077
7.25	148.860323250685	186.353651994019	238.681024536037	282.717554507943	334.449119775036	388.973836559165	440.320059831572	508.600600748351	563.697055417145
7.5	151.428192489881	188.144707640031	239.760564842183	283.509545730048	335.234383060551	390.10532638108	442.080527884795	511.612798304137	568.036835095682
7.75	153.919562138807	189.901860977498	240.833781627401	284.302217240157	336.021474075338	391.241510924221	443.856991203853	514.67722280549	572.480678631688
8	156.334808624454	191.623761385135	241.899592539882	285.095196488814	336.810391195815	392.382001978411	445.648202911773	517.791526909363	577.026167886868
8.25	158.673067349972	193.308357083324	242.956595677057	285.887987326819	337.601100695158	393.526240518488	447.452333693783	520.951776671014	581.668135412855
8.5	160.932157742453	194.952850182508	244.003106712173	286.680068668512	338.393678554311	394.673625103733	449.267002584376	524.152174069814	586.397952938402
8.75	163.108255240361	196.553374238692	245.036873939978	287.4706288831	339.188030864199	395.823144038095	451.088718462324	527.38401204509	591.201842594359
9	165.197144310456	198.10585662374	246.055567806621	288.258882931919	339.984169237338	396.973776825814	452.913525766234	530.63675707391	596.062334310672
9.25	167.192763589825	199.605016490468	247.056273976741	289.043823754563	340.782058670124	398.124169827762	454.736215101325	533.896086319923	600.95479850268
9.5	169.088526095872	201.045222174236	248.035874369488	289.824357637199	341.581655556887	399.272790944464	456.550765583047	537.144892010308	605.84895312628
9.75	170.873043023988	202.417635452358	248.989770026399	290.598892130073	342.382870398733	400.417420803446	458.348451330235	540.357887733016	610.699032524416
10	172.532697070228	203.711878279147	249.912597639233	291.365558510273	343.185587118081	401.555397591934	460.118674630517	543.503656634228	615.447006094283
10.25	174.053533747336	204.917305048819	250.798805377063	292.122394835405	343.98967210597	402.683840205169	461.849797155147	546.546889574317	620.026373692852
10.5	175.420699786318	206.022656713509	251.642519481605	292.86730727717	344.794967594691	403.799615002472	463.52904831323	549.448162291217	624.361737200057
10.75	176.620604030894	207.017565357542	252.438269464259	293.598327350168	345.601330975842	404.89969094355	465.143853727924	552.167838156687	628.376040355849
11	177.643703501548	207.894508127368	253.181932619364	294.313936486736	346.408662470405	405.981603083605	466.683692392818	554.671778082386	632.001518422282
11.25	178.48138933996	208.646755088143	253.869841886843	295.012788251313	347.216880146316	407.043149282585	468.139078632763	556.928883639999	635.175906430795
11.5	179.133664498943	209.273632988706	254.501232514941	295.69450489226	348.025954580773	408.083467462029	469.505892147211	558.924212500788	637.867363884063
11.75	179.604252888501	209.777236037805	255.076766007485	296.35921243283	348.835885190709	409.10247430865	470.783291839894	560.653310537304	640.064704222123
12	179.899267830104	210.161511258016	255.598106745657	297.007400412638	349.646684595582	410.10068841583	471.973087743737	562.120549548292	641.774608960756
12.25	180.028444347272	210.433075169664	256.068282761645	297.640033693902	350.458381874314	411.079367058006	473.080273490056	563.340669567401	643.024471572301
12.5	180.001280531393	210.598551593222	256.490441785222	298.258149086685	351.271010717158	412.039963294736	474.110825654418	564.332124879018	643.849802136703
12.75	179.828293035613	210.665391914515	256.868202915014	298.862961723405	352.084615280824	412.984236966211	475.072076612038	565.117934686532	644.295421391203
13	179.519933697707	210.641102385689	257.205275663646	299.45573415763	352.899243884423	413.914058529933	475.971880292967	565.722971855669	644.41002489669
13.25	179.08706813553	210.533539837092	257.505575471129	300.037812132311	353.714960695559	414.831430916165	476.81860064433	566.173652256069	644.24520228945
13.5	178.540856958471	210.350798204218	257.773145462302	300.61058844191	354.531837806336	415.738417161456	477.620794660558	566.496805648602	643.8530277014
13.75	177.888774247778	210.098501937973	258.010919124023	301.175111399171	355.34994783721	416.636627759592	478.385160299716	566.713603111818	643.274767242436
14	177.133627097269	209.779164376175	258.220442341498	301.7320011599	356.169363335148	417.527121824226	479.11615716001	566.838507285006	642.539038826421
14.25	176.277192414523	209.394655687731	258.402993000886	302.281798276413	356.990158468331	418.410851574788	479.817777578627	566.884430388739	641.671277522727
14.5	175.319005601814	208.945406245676	258.559233067228	302.824859341043	357.812410927978	419.288536009359	480.493045209149	566.861310584935	640.691191620979
14.75	174.257827260711	208.431405156492	258.689659033706	303.361492962839	358.636196445475	420.160831221514	481.144709560331	566.778134002291	639.616464426233
15	173.090642740879	207.851548482495	258.794311407721	303.891858094544	359.461566118656	421.028209790145	481.774849654574	566.64188177759	638.46092967168
15.25	171.813320268557	207.204108047533	258.872999855534	304.416042982088	360.288559380805	421.891060369767	482.385229770556	566.458537756572	637.236412404748
15.5	170.422455196498	206.487964746865	258.925846962631	304.934232022967	361.117209069565	422.749881557407	482.978029841949	566.235104515824	635.956289992343
15.75	168.915544369755	205.702720497009	258.953328333171	305.446715024114	361.947542163821	423.605282941107	483.555830609097	565.979509351121	634.635268286515
16	167.28989652229	204.84799152871	258.955966112949	305.953798404305	362.779587376603	424.457876602476	484.121164962985	565.69932826724	633.28711691715
16.25	165.542349352247	203.923243185819	258.934262427959	306.455788477792	363.613380728148	425.30825630031	484.676421324234	565.401518630891	631.924222983865
16.5	163.669693325635	202.928079606554	258.888819289034	306.953021762373	364.448959545673	426.15702885994	485.2239793082	565.092806613708	630.558293202182
16.75	161.670425199146	201.86336297175	258.820794503921	307.445992821244	365.28636005894	427.004945468327	485.766700790815	564.780991383251	629.202590418961
17	159.544031524048	200.730734988547	258.731680106079	307.935284692446	366.125618139442	427.852815476472	486.307592570215	564.474013903158	627.87031563667
17.25	157.29019897891	199.532108871997	258.623077789306	308.421500388291	366.966769176206	428.701429076099	486.849516845574	564.179196219888	626.573335177327
17.5	154.908898417887	198.269718390881	258.496708052058	308.905263309693	367.809848187866	429.55155588475	487.395189493308	563.903261110377	625.32225749534
17.75	152.398594167656	196.945012355283	258.353958631403	309.387083662155	368.654880332663	430.403805423475	487.946710330451	563.651173949618	624.124559705114
18	149.752585986713	195.556447439123	258.194992580827	309.867054655064	369.501784582157	431.258298925293	488.504686940105	563.424165607618	622.981492168768
