age	C0.4	C2	C10	C25	C50	C75	C90	C98	C99.6
6	245.632689850545	406.699903228541	635.752379883068	828.51985644722	1053.46126139978	1288.20499038699	1506.90670318569	1794.22100677583	2023.24745399594
6.25	259.45728090027	415.767434077317	639.722235974391	829.862146908359	1053.40315366348	1288.32785056336	1508.50642072931	1799.43424372294	2032.5487307733
6.5	272.84960752139	424.562528052464	643.623090553837	831.199278074772	1053.35161788735	1288.45374442324	1510.12565506929	1804.75105097905	2042.08806040393
6.75	285.741599274737	433.080934979207	647.463269212408	832.546507324925	1053.32966448249	1288.6129437305	1511.80150017429	1810.22001890003	2051.92743067141
7	298.132450674005	441.361339985981	651.299361471172	833.97798775617	1053.43380998121	1288.92588075113	1513.67765803799	1816.01920308384	2062.27763120148
7.25	310.057951896498	449.452997730154	655.189376418854	835.56532133687	1053.75458344828	1289.50414366448	1515.88681624738	1822.31356062647	2073.33551894745
7.5	321.587851426158	457.429712257966	659.219769409087	837.414258591659	1054.4244234012	1290.51022781107	1518.62165608947	1829.34108325613	2085.38250544926
7.75	332.806311043323	465.372934442987	663.483374895066	839.636887089534	1055.58272738792	1292.11491551878	1522.08497718239	1837.35330849494	2098.71740025606
8	343.778205544385	473.341140910144	668.045701617021	842.312701246819	1057.32837129191	1294.43813856372	1526.41719788195	1846.52161706546	2113.54288321329
8.25	354.556173818446	481.379363877246	672.956095631843	845.50170502251	1059.7359389871	1297.56933675307	1531.72118011977	1856.96855708782	2130.00234020718
8.5	365.174097107191	489.510273446937	678.234369857246	849.227237339912	1062.83413941272	1301.54126852697	1538.03164780337	1868.73115575321	2148.13788950193
8.75	375.636801306953	497.722733625721	683.857111206497	853.459871194198	1066.58619487324	1306.30580718059	1545.28570144905	1881.72274423524	2167.84362953913
9	385.945120031143	506.003149537939	689.799183929827	858.16861823256	1070.95371222621	1311.81255269919	1553.41646845166	1895.84802596786	2188.99888660495
9.25	396.098719925847	514.339751332306	696.040303162677	863.329464428236	1075.90748343024	1318.02191615384	1562.36813976947	1911.02014759896	2211.48619274123
9.5	406.102141996527	522.728568280495	702.571397297501	868.932467000665	1081.43598085865	1324.91578357016	1572.10932115068	1927.17843176204	2235.21299649849
9.75	416.020615448251	531.241763759169	709.482924654357	875.089237942926	1087.67829668387	1332.66096021246	1582.82881399105	1944.53268121728	2260.39966861089
10	425.958104826643	539.998647878961	716.925069435217	881.98312462986	1094.86161879275	1341.5323827991	1594.84477841724	1963.45294822236	2287.45309351082
10.25	436.012939334894	549.108743029743	725.031422031404	889.774861522754	1103.18376748317	1351.76919965557	1608.43411106389	1984.26092848057	2316.72542794359
10.5	446.271439889169	558.664410075265	733.909994334578	898.591919993301	1112.80019020503	1363.55888422797	1623.81357651077	2007.20687010866	2348.48743690589
10.75	456.779524347123	568.708150969496	743.603400377865	908.481371982589	1123.76637807541	1376.96622394672	1641.05369255221	2032.35936848966	2382.79520260559
11	467.439605001269	579.106060339682	753.925550517694	919.211638397837	1135.7934635458	1391.63389931537	1659.72114629971	2059.16026858746	2418.9653584813
11.25	478.110649228029	589.675156211485	764.631377226314	930.481757112818	1148.50836793444	1407.10135399357	1679.25767092689	2086.89024424538	2456.11614456714
11.5	488.637737786644	600.216521366061	775.456303731307	941.967692259511	1161.51033366573	1422.87520635559	1699.06702786029	2114.78409980362	2493.31163509458
11.75	498.851714503426	610.516381536922	786.11933797958	953.32699780186	1174.37711312181	1438.43652638043	1718.5227319644	2142.0381511354	2529.56801697252
12	508.618888705787	620.406385371452	796.400123137196	964.291970758736	1186.77958515625	1453.38136283179	1737.13643079451	2168.02154740521	2564.10514505261
12.25	517.860492045814	629.785405735973	806.164734685085	974.699651046608	1198.51793296669	1467.46526112861	1754.6124533931	2192.34838052188	2596.43727915765
12.5	526.502145191424	638.558643347508	815.288311215668	984.39850517345	1209.40681018909	1480.46209553127	1770.67805446286	2214.6636987988	2626.11787137071
12.75	534.483808555146	646.648479069498	823.667564360208	993.262812329957	1219.29265687509	1492.1855613987	1785.11016542196	2234.67991624569	2652.78671166883
13	541.74586349388	653.97838188404	831.201135121603	1001.16942702318	1228.02533661343	1502.45410861067	1797.69256097303	2252.12112399202	2676.10153758627
13.25	548.220587406832	660.46273297289	837.776820379322	1007.98249917263	1235.43944844277	1511.06800371449	1808.18819542502	2266.68791826882	2695.69572985284
13.5	553.836999742861	666.012578412237	843.278806811599	1013.56217163761	1241.36501217734	1517.82243871261	1816.35492679378	2278.07719336215	2711.20202312166
13.75	558.55548866639	670.577991582196	847.642145337308	1017.83051596165	1245.7084203522	1522.60618217898	1822.06263184631	2286.12656462188	2722.42131039976
14	562.376337677038	674.158015724494	850.864954392807	1020.78593750861	1248.46982056698	1525.42259507351	1825.31814408324	2290.84534451031	2729.35926012321
14.25	565.299155339287	676.751480610706	852.945687368742	1022.4275072406	1249.65025655503	1526.276061997	1826.12948186886	2292.24471812832	2732.02484861002
14.5	567.307884662633	678.340652093473	853.864365584568	1022.73348812851	1249.22590918164	1525.13995618781	1824.46569857497	2290.282370351	2730.3578942545
14.75	568.380808743117	678.901166921152	853.592780378749	1021.67231569718	1247.16097440422	1521.97314615151	1820.27890205283	2284.89614493776	2724.27688755073
15	568.454231109101	678.3584616281	852.039512239737	1019.13670522849	1243.32723406542	1516.62200614108	1813.38739393679	2275.8581872998	2713.50616839207
15.25	567.447642913904	676.617793174293	849.08767388749	1014.98888269474	1237.5594160994	1508.88824377967	1803.5571770008	2262.87806131741	2697.69983092914
15.5	565.303079201751	673.609860596461	844.650676007037	1009.12644547914	1229.73515776652	1498.62693560418	1790.62069599472	2245.755918053	2676.62978221061
15.75	561.988422035045	669.294547409118	838.676677824412	1001.48751468817	1219.78113314816	1485.75389579495	1774.48561923759	2224.39361665144	2650.19923951551
16	557.526630157208	663.694863157186	831.190097316672	992.099701621585	1207.73231444656	1470.31794013616	1755.22176523315	2198.90555237152	2618.57725908552
16.25	552.074420523528	656.987347659985	822.401033573165	981.208528948961	1193.88706134467	1452.69033587401	1733.29010627448	2169.91368026991	2582.56077419549
16.5	545.815280900377	649.379008725668	812.556000694447	969.101822538018	1178.5942462809	1433.30340634493	1709.22483441922	2138.13368276982	2543.06163453251
16.75	538.967635132617	641.116427975865	801.948616777662	956.12204901521	1162.26798991491	1412.66843915459	1683.65495870561	2104.40265342551	2501.1402433378
17	531.757838880774	632.455106396807	790.882927317591	942.623478848034	1145.335921857	1391.31204766322	1657.22641144252	2069.57622280522	2457.87599875014
17.25	524.36419569913	623.595644152978	779.596768089227	928.882598293752	1128.13116208189	1369.64399849367	1630.44156246825	2034.31977573403	2414.10836876908
17.5	516.915700759959	614.682374357702	768.260248526996	915.09647611585	1110.89057618788	1347.95540366293	1603.65743666947	1999.10691023085	2370.43581161775
17.75	509.509796396023	605.824335890759	757.001841992004	901.413833591	1093.79263427356	1326.46504444621	1577.14148433862	1964.2904840676	2327.30191715428
18	502.175710138964	597.05408558804	745.859661967	887.878547973217	1076.88963815696	1305.23655848745	1550.9709130187	1929.9712368053	2284.83207327859
