age	C0.4	C2	C10	C25	C50	C75	C90	C98	C99.6
6	885.56485298653	1007.23420180103	1178.74953670807	1325.40832759287	1500.93986669557	1690.0880125393	1872.28214269601	2120.84436235037	2326.69863336819
6.25	876.574595802172	997.094598577658	1167.21355478325	1312.87301709994	1487.42830479683	1675.77451331426	1857.42476016129	2105.5807664892	2311.37181885547
6.5	867.615593604209	986.983803578534	1155.69892894319	1300.35015811235	1473.91674289809	1661.4466675033	1842.53934204574	2090.27211082345	2295.98829501058
6.75	858.705691177785	976.923058939058	1144.23175779287	1287.87003373026	1460.44049077811	1647.14521639169	1827.67187929402	2074.97159502163	2280.60729518446
7	849.884597801285	966.959297426407	1132.86938284022	1275.49904791496	1447.07695729504	1632.95959518083	1812.92354425165	2059.7966438433	2265.35992152894
7.25	841.150825710611	957.090865529585	1121.60992890444	1263.23513089153	1433.82382673429	1618.8872114107	1798.29147875392	2044.74406909656	2250.2427727294
7.5	832.504283467202	947.317731313175	1110.45346554032	1251.07843835029	1420.68134924186	1604.92840983846	1783.77612358422	2029.81448135616	2235.25666620608
7.75	823.945608853678	937.640686163175	1099.40101958449	1239.03019889646	1407.65098733991	1591.08489899843	1769.37943030514	2015.01020502747	2220.40430458098
8	815.476901966203	928.061925137039	1088.45490589398	1227.09280377976	1394.73518813341	1577.35914997151	1755.10387306104	2000.33372389468	2205.68822223852
8.25	807.101036297947	918.584374115222	1077.618089098	1215.2692072083	1381.93683855028	1563.75391955238	1740.95204419232	1985.78738459612	2191.1105846105
8.5	798.824137814678	909.213661963142	1066.89531536963	1203.56323644779	1369.25848124139	1550.27016571567	1726.92320946571	1971.36794202043	2176.66594615542
8.75	790.655945175135	899.958309071193	1056.29301293508	1191.97920544284	1356.70153801887	1536.90579605084	1713.0115477642	1957.06402746478	2162.33801468204
9	782.609624262488	890.830685864973	1045.82202750417	1180.52630125031	1344.27281029097	1523.66459365064	1699.21754070445	1942.8710769565	2148.11764813959
9.25	774.709029931039	881.855282201706	1035.507342052	1169.22957020623	1331.99701059351	1510.57044761251	1685.56387036723	1928.80954837814	2134.02302880027
9.5	766.980730444497	873.059704507991	1025.37762259343	1158.11821874071	1319.90356758405	1497.65253816669	1672.07903544035	1914.90638220285	2120.07932510088
9.75	759.462495868421	864.483649886961	1015.4747971727	1147.23564452667	1308.03712848406	1484.95627008775	1658.80863101145	1901.20665413302	2106.33057227103
10	752.197515333733	856.172707077123	1005.84731634968	1136.63227121817	1296.44992139018	1472.53516434984	1645.8068187527	1887.76451238396	2092.8301989448
10.25	745.232559000448	848.176181081816	996.547483353415	1126.36243859329	1285.19809816975	1460.44658621595	1633.13143804794	1874.63740748951	2079.63449197867
10.5	738.619493475256	840.548656781599	987.63306446403	1116.48603416307	1274.34336934004	1448.75335689421	1620.84556897496	1861.88754671439	2066.80392341751
10.75	732.406590846007	833.340987567098	979.157948341002	1107.05897203628	1263.9433763634	1437.51413138575	1609.0080224264	1849.57269022659	2054.39432150872
11	726.633372343167	826.594883937122	971.166441973267	1098.12729574944	1254.0456271561	1426.77722594412	1597.66712939085	1837.73998495713	2042.4508199699
11.25	721.335615491824	820.348100596789	963.698648175466	1089.73266741408	1244.69306438369	1416.58621210907	1586.8663067421	1826.43141491183	2031.01314999884
11.5	716.537673452589	814.62609171276	956.781224453177	1081.9023936693	1235.91325147404	1406.96823966303	1576.63158712125	1815.67030503684	2020.10133964941
11.75	712.257692248041	809.447599878079	950.433458989306	1074.65588910198	1227.7252698816	1397.94136978217	1566.97934461569	1805.46954375987	2009.72431691832
12	708.502621391316	804.818736120789	944.65996117299	1067.99611055841	1220.12957156022	1389.50263164534	1557.90253542776	1795.81521470166	1999.86126905803
12.25	705.265775638265	800.730239035139	939.447476845977	1061.90597677119	1213.10390559123	1381.62339391439	1549.36551088484	1786.66060939007	1990.45495793504
12.5	702.536103934967	797.168450631755	934.778408804742	1056.36418931511	1206.62203895589	1374.2713839764	1541.32937963209	1777.95640495999	1981.44610227967
12.75	700.290544319043	794.107773969601	930.623611820903	1051.33848693889	1200.64776000126	1367.40573491395	1533.74828598979	1769.64897302522	1972.7736691614
13	698.503065892062	791.519619656868	926.950992043635	1046.79376702088	1195.14222511312	1360.98326649184	1526.57445184138	1761.68341427339	1964.37598351894
13.25	697.136372423936	789.363570101086	923.715976340807	1042.68201826807	1190.05331640501	1354.94730364596	1519.74655381425	1753.99145675883	1956.1783376625
13.5	696.148133584716	787.593952030929	920.868495255341	1038.94959550365	1185.32320103953	1349.23547037145	1513.19767839721	1746.49953724525	1948.10110166072
13.75	695.501718244952	786.171606450256	918.366197868755	1035.55165961759	1180.90422978066	1343.79715548574	1506.87429685743	1739.14984004424	1940.08247999823
14	695.167024775438	785.064837410465	916.175578353464	1032.45346699031	1176.76043577496	1338.59525625203	1500.73826531572	1731.9026826034	1932.08125015282
14.25	695.115725654007	784.244264143981	914.266295750158	1029.62425246098	1172.86091665888	1333.59904795695	1494.75922830012	1724.72832950827	1924.06813126443
14.5	695.322633361209	783.685019404073	912.614696734403	1027.04202318139	1169.18631719742	1328.79269128359	1488.925279118	1717.62091523727	1916.04269742223
14.75	695.762231716945	783.362026929002	911.197127729158	1024.68501187763	1165.71784721833	1324.1613749149	1483.22609152182	1710.57709362338	1908.0079935732
15	696.398530084793	783.239002673474	909.977754993201	1022.51850318277	1162.42293546305	1319.67572498841	1477.63614881507	1703.57768668304	1899.95090390515
15.25	697.190988640516	783.274776421202	908.915392364514	1020.50204789886	1159.2628528613	1315.29980606583	1472.12304875772	1696.59631238951	1891.850969202
15.5	698.102416874532	783.431469630878	907.971961156027	1018.59806333166	1156.20136105599	1310.99967658507	1466.65582745259	1689.60716736859	1883.6875232064
15.75	699.099549497214	783.675077427476	907.113069242105	1016.77239767527	1153.20524246277	1306.74385935541	1461.20534827671	1682.58526300908	1875.43976325073
16	700.152712023397	783.975551891181	906.308782520359	1014.99577977525	1150.2466688544	1302.5068294757	1455.7489943167	1675.51296166621	1867.09498996686
16.25	701.24135969083	784.31294313548	905.540637236968	1013.25159849384	1147.3119267498	1298.27879447608	1450.2815002577	1668.3923018956	1858.66222204696
16.5	702.347378194191	784.669943136052	904.793091596905	1011.52639457011	1144.39072694596	1294.05368669307	1444.80163217289	1661.22981620791	1850.15540849285
16.75	703.457255017075	785.034316900172	904.056338484634	1009.81301402106	1141.47978343363	1289.83322273292	1439.31673190474	1654.0417728509	1841.59928034918
17	704.559876600556	785.396400608663	903.32336292054	1008.10726987699	1138.57897735669	1285.62250031583	1433.83773641874	1646.84835634346	1833.02279094201
17.25	705.647200271961	785.749330422037	902.58943795832	1006.4067099202	1135.68912797965	1281.42653867754	1428.37437497333	1639.66677349803	1824.4502558062
17.5	706.71435504446	786.089134160997	901.852202654215	1004.7106806029	1132.81203495352	1277.25028914155	1422.93513842607	1632.51114496596	1815.90115711305
17.75	707.757106875026	786.412223126386	901.109248331408	1003.01804522931	1129.94841499743	1273.09688024407	1417.52589270495	1625.39173418944	1807.38998180046
18	708.772386879285	786.715501535703	900.357537519305	1001.32591756985	1127.09569666371	1268.96425083163	1412.1452395575	1618.30831733622	1798.91770823162
