age	C0.4	C2	C10	C25	C50	C75	C90	C98	C99.6
6	131.4870369347	173.073381580221	226.745023459448	268.938906356389	315.81937357639	362.699840796391	404.893723693333	458.565365572559	500.15171021808
6.25	133.145335105718	174.727972221421	228.394829135431	270.584950338953	317.461238044462	364.337525749972	406.527646953494	460.194503867504	501.777140983206
6.5	134.803633276736	176.382562862621	230.044634811413	272.230994321517	319.103102512535	365.975210703552	408.161570213656	461.823642162448	503.402571748333
6.75	136.460855987419	178.036077980445	231.693364882659	273.875962635381	320.743891240842	367.611819846302	409.794417599024	463.451704501239	505.026926494265
7	138.112834120258	179.684348036463	233.336849267494	275.515684771803	322.379433246133	369.243181720462	411.422017224772	465.074518455802	506.646032372007
7.25	139.755376778421	181.323181668381	234.970896002895	277.145968295497	324.005535568407	370.865102841317	413.040175133919	466.687889468433	508.255694358393
7.5	141.381689962342	182.945784718359	236.588710726753	278.760018683767	325.615403506543	372.47078832932	414.642096286334	468.285022294728	509.849117050745
7.75	142.983905189341	184.544288754441	238.182425072576	280.349967621587	327.2011688027	374.052369983812	416.219912532823	469.858048850958	511.418432416059
8	144.549536653233	186.10620943093	239.739556579583	281.903334129999	328.750352124329	375.597370118659	417.761147669074	471.394494817727	512.951167595424
8.25	146.063362746414	187.616327995671	241.244890180886	283.404906039281	330.247744520674	377.090583002066	419.250598860461	472.879161045677	514.432126294934
8.5	147.509244393561	189.058505780011	242.682287732681	284.838545618239	331.677208718978	378.515871819716	420.672129705275	474.295911657944	515.845173044394
8.75	148.870005519367	190.415570214342	244.034581189839	286.18708837866	333.021584183018	379.856079987376	422.008587176197	475.627598151694	517.173162846669
9	150.129826706372	191.671703267368	245.28595431006	287.434719484656	334.265057639537	381.095395794417	423.244160969013	476.858412011705	518.400288572701
9.25	151.278178380176	192.816377827649	246.425883160618	288.570917502444	335.397110431255	382.223303360065	424.368337701892	477.97784303486	519.516042482334
9.5	152.305718136091	193.840253957924	247.445030988729	289.586348182713	336.408411090402	383.230473998091	425.371791192075	478.97656822288	520.511104044713
9.75	153.203474461788	194.734361634102	248.334429691036	290.472044932087	337.289994701301	384.107944470516	426.245559711567	479.8456277685	521.376514940814
10	153.962653179792	195.489907577046	249.085287147803	291.219216542291	338.033071068378	384.846925594465	426.980854988954	480.576234559711	522.103488956965
10.25	154.573244634539	196.096882264567	249.687594008973	291.817853798592	338.627631127252	385.437408455912	427.567668245531	481.158379989937	522.682017619965
10.5	155.023621034054	196.543657075166	250.12972058246	292.256326167261	339.062043409068	385.867760650875	427.994366235676	481.580429742971	523.100465784082
10.75	155.303197899112	196.819646391476	250.401079782004	292.524045407269	339.325718389768	386.127391372266	428.250356997531	481.83179038806	523.348238880424
11	155.405205121505	196.918077419599	250.494895347533	292.614232533619	339.41187405676	386.209515579901	428.328852765987	481.905670693921	523.418542992015
11.25	155.323654909912	196.832959606312	250.405173161294	292.520890626306	339.31451037654	386.108130126773	428.223847591785	481.796061146767	523.305365843167
11.5	155.05259858352	196.55834065234	250.125956253997	292.238059044717	339.027662629381	385.817266214046	427.929369004765	481.496984606423	523.002726675243
11.75	154.586145393383	196.088325772426	249.651344631094	291.759833699025	338.54542217531	385.331010651596	427.439499719526	481.002518578194	522.504698957237
12	153.919781267631	195.418396805006	248.976814852832	291.081687000036	337.863256814803	384.644826629569	426.749698776773	480.308116824599	521.806732361975
12.25	153.050727351108	194.545770742736	248.09957855302	290.200826368711	336.978369288038	383.755912207364	425.857160023055	479.410967833339	520.906011224967
12.5	151.978702802284	193.470162666689	247.019345550416	289.116957486848	335.890460680347	382.663963873847	424.761575810279	478.310758694005	519.80221855841
12.75	150.710838859439	192.19869997517	245.743238287422	287.837198900771	334.606645209236	381.3760915177	423.470052131049	477.014590443302	518.502451559032
13	149.256297345903	190.740540889713	244.280410337071	286.370700529101	333.136068733003	379.901436936905	421.991727128934	475.531596576292	517.015840120102
13.25	147.629275092088	189.109880215228	242.645053890142	284.731652507521	331.492919103974	378.254185700428	420.340784317807	473.875957992721	515.356563115861
13.5	145.84668753327	187.323632201525	240.854081666477	282.936966353092	329.69410650283	376.451246652568	418.534131339183	472.064580804135	513.54152547239
13.75	143.931296845188	185.404558458046	238.930254544647	281.009402369812	327.762390595179	374.515378820547	416.594526645712	470.120222732313	511.593484345171
14	141.912840094128	183.38239624976	236.903310046048	278.978698280665	325.727509327984	372.476320375303	414.55170860992	468.072622406208	509.54217856184
14.25	139.821473712049	181.287302473983	234.803405668582	276.875012055707	323.619621195895	370.364230336083	412.435836723207	465.951939917806	507.41776867974
14.5	137.687381973181	179.149462526566	232.660728255679	274.728531676375	321.468915444761	368.209299213147	410.277102633843	463.788368362956	505.250448916341
14.75	135.539301326083	176.997614213725	230.504017365753	272.567998078574	319.304134540978	366.040271003382	408.104251716202	461.61065486823	503.068967755872
15	133.394442684409	174.84897073422	228.350489146743	270.410629728733	317.142499526987	363.874369325241	405.934509907231	459.436028319754	500.890556369565
15.25	131.264277161071	172.715005921391	226.211620942989	268.267906731363	314.995493574048	361.723080416732	403.779366205106	457.275981226704	498.726709987025
15.5	129.153511039914	170.600428476064	224.09212457469	266.144543358952	312.867833679319	359.591123999686	401.643542783949	455.135238882575	496.582156318724
15.75	127.059069500984	168.502165682715	221.988930042318	264.037471747149	310.756454350787	357.475436954425	399.523978659256	453.010743018859	494.45383920059
16	124.978373917842	166.417640630177	219.899462648449	261.944118938857	308.658784564988	355.373450191118	397.418106481527	450.899928499798	492.339195212133
16.25	122.911221258619	164.346651014022	217.823521027493	259.864284306558	306.574624514448	353.284964722339	395.325728001404	448.802598014874	490.238027770278
16.5	120.857807377121	162.28939332093	215.76130248292	257.798165795838	304.504172858197	351.210179920556	393.247043233474	446.718952395464	488.150538339273
16.75	118.818255941825	160.245992412448	213.712933416069	255.745891018537	302.447558553029	349.149226087521	391.18218368999	444.649124693611	486.076861164234
17	116.792620246174	158.216503026823	211.678470429855	253.707518043483	300.404841296503	347.102164549524	389.131212163152	442.593179566184	484.017062346833
17.25	114.779953891494	156.199980204319	209.656970421649	251.682105228005	298.375081068071	345.068056908138	387.093191714493	440.550181931823	481.970208244648
17.5	112.778232238163	154.194400736016	207.646412029005	249.667632661259	296.356259569726	343.044886478193	385.066107110448	438.518118403436	479.934286901289
17.75	110.785043012054	152.197353480101	205.644385571482	247.661691811663	294.345969546347	341.030247281031	383.047553521212	436.494585612593	477.906896080641
18	108.796998209403	150.205450774222	203.647503827359	245.660895803894	292.340824507488	339.020753211082	381.034145187617	434.476198240754	475.884650805574
