age	C0.4	C2	C10	C25	C50	C75	C90	C98	C99.6
6	447.449257857137	824.777424343627	1190.24615419613	1368.24133398351	1475.06648646082	1582.98065666161	1766.47097382261	2163.43463186695	2636.12825901488
6.25	458.600090842007	823.795750713681	1180.05472324787	1357.25453311512	1466.43230965798	1576.83754279077	1760.49954203915	2151.65309925115	2612.21992918339
6.5	470.662984335256	823.344110809129	1170.29026870161	1346.46357533971	1457.79969829054	1570.53612501395	1754.21352861068	2139.62839384836	2588.62710483618
6.75	483.483108051182	823.323394945928	1160.88933471964	1335.84447756291	1449.18429135477	1564.12973681869	1747.69436999077	2127.41025773095	2565.25484093819
7	497.002298375525	823.671392736322	1151.77312927292	1325.36001398854	1440.62098948898	1557.72455612068	1741.08148306929	2115.05001435258	2541.88999418176
7.25	511.002445511872	824.316250782565	1142.92634836756	1315.00934387622	1432.11065811187	1551.32150996124	1734.38072172703	2102.56113276916	2518.54693761059
7.5	525.254052311555	825.18702670101	1134.33433250885	1304.79190506982	1423.65304008371	1544.9186748414	1727.5944413484	2089.95584291412	2495.24522275117
7.75	539.535475197424	826.216784541252	1125.98197647058	1294.70659449792	1415.24775292807	1538.51424171831	1720.72514436793	2077.2460249278	2472.00322626955
8	553.645541076382	827.344172040056	1117.85393568096	1284.75173900404	1406.89418404847	1532.10645644653	1713.77548284533	2064.4433826355	2448.838541276
8.25	567.414588472612	828.515455772537	1109.93526680803	1274.92537318614	1398.59162582578	1525.69373509174	1706.7483284929	2051.55947890112	2425.76804111961
8.5	580.711812404986	829.686160152227	1102.21188017332	1265.22519326471	1390.33894934834	1519.27415761599	1699.64600670113	2038.60453666066	2402.80628316159
8.75	593.447076724679	830.821740077999	1094.67123663234	1255.64913030939	1382.13509106734	1512.84593023925	1692.47076102801	2025.58799065973	2379.96621855028
9	605.567085832676	831.896359067762	1087.30194409646	1246.19504021974	1373.97879179288	1506.4071894824	1685.22464050093	2012.51851319395	2357.2593186629
9.25	617.049219561535	832.891837311639	1080.09388635456	1236.86092681229	1365.86881650865	1499.95619039175	1677.90965592556	1999.4041259302	2334.6956326546
9.5	627.893629060606	833.796036876771	1073.03802981116	1227.64493379425	1357.80401815961	1493.49140710129	1670.52796347614	1986.25261875259	2312.28453950038
9.75	638.11476706112	834.600867641928	1066.12607862033	1218.54533438509	1349.78352145729	1487.01187173547	1663.08243403116	1973.07259984874	2290.0363605629
10	647.734784999505	835.300950306268	1059.35029995291	1209.5604456858	1341.80661888719	1480.51698921149	1655.57634906619	1959.87295893591	2267.9615472926
10.25	656.778656704354	835.892537110419	1052.70338712574	1200.6885689132	1333.8726662546	1474.00630890551	1648.0129714391	1946.66199308132	2246.06923623127
10.5	665.271346474603	836.372772038248	1046.17832892204	1191.92795583108	1325.9810693787	1467.47949358185	1640.39548744693	1933.44731010472	2224.36712095559
10.75	673.236631877002	836.739288380452	1039.76828568952	1183.27675589176	1318.13128523331	1460.93638554144	1632.72718641152	1920.23629941838	2202.86232412736
11	680.696021193977	836.989532152512	1033.46628847801	1174.73287958285	1310.32280060243	1454.37708281396	1625.01162411953	1907.03638755217	2181.56167824147
11.25	687.669812242733	837.121390283121	1027.26557893226	1166.29415691895	1302.55515174749	1447.80185160285	1617.25244788	1893.8548372166	2160.47163856916
11.5	694.177616044823	837.133425701083	1021.15975251282	1157.95843182416	1294.82799624489	1441.21122472664	1609.4535833039	1880.69920283938	2139.59912172168
11.75	700.23826049449	837.024749492535	1015.14272721185	1149.72353907686	1287.14105928244	1434.60590637981	1601.61907029031	1867.57699817214	2118.95093180129
12	705.870453782078	836.79547978957	1009.2090679653	1141.58747070854	1279.49409385194	1427.98649905599	1593.75251312928	1854.49467321221	2098.53224522641
12.25	711.09293572404	836.446794456389	1003.35406616803	1133.54844065166	1271.88688567523	1421.3534436703	1585.85696988718	1841.45745379364	2078.34642048799
12.5	715.923507724117	835.980057606976	997.573199855066	1125.60461768121	1264.3192685531	1414.70737459054	1577.93573667142	1828.47088203525	2058.39731137467
12.75	720.378954963065	835.396605482304	991.861961283941	1117.75405007032	1256.79121464262	1408.04948411831	1569.9930973444	1815.54230837602	2038.69157627396
13	724.475135074278	834.697862578437	986.215999471031	1109.99472658348	1249.30271453303	1401.3811302202	1562.03352184182	1802.67922650633	2019.23597417674
13.25	728.226861750403	833.885134549279	980.630941478877	1102.32444514405	1241.85371073144	1394.70388063078	1554.06185896106	1789.88973857311	2000.03811913206
13.5	731.648108394602	832.959757939687	975.102536859443	1094.74092176274	1234.44412254027	1388.01942317547	1546.08308837193	1777.1819930279	1981.10555862899
13.75	734.753171405269	831.924044168893	969.62734042723	1087.24220718346	1227.07388083965	1381.32913431246	1538.10136857727	1764.56240172723	1962.44319729445
14	737.556803440628	830.781353242252	964.202792289738	1079.8267580477	1219.74293166531	1374.63399309069	1530.11988335203	1752.03542880359	1944.053072742
14.25	740.073029700189	829.535071041465	958.826544262244	1072.49308353335	1212.45124501735	1367.93500175842	1522.14171738103	1739.60517961703	1925.93661505719
14.5	742.315149197554	828.188564109819	953.496438025318	1065.23976004153	1205.19886195854	1361.23327265319	1514.1699914539	1727.27562086257	1908.09495823632
14.75	744.29584831779	826.745222341882	948.210516336488	1058.06542192492	1197.98583861513	1354.52991138175	1506.2076815466	1715.05030660532	1890.52858818059
15	746.027751024981	825.208907659164	942.967364424698	1050.96898975957	1190.81227609932	1347.82577794859	1498.25708774763	1702.93140461096	1873.23596879088
15.25	747.523118504602	823.583646334932	937.765875550009	1043.94952889115	1183.67829253842	1341.12160199216	1490.32012650851	1690.92030029434	1856.21446901757
15.5	748.793843641199	821.873587219788	932.605216576547	1037.00623631814	1176.5840234484	1334.41799775305	1482.39837361115	1679.01770620404	1839.46055361165
15.75	749.851478926113	820.082994493359	927.484818992696	1030.13844011151	1169.52961378006	1327.71543957406	1474.49302955521	1667.22362945168	1822.96976643114
16	750.706958527052	818.215971815436	922.404169885138	1023.34548274763	1162.51523711151	1321.01446146626	1466.6053195295	1655.53808675032	1806.73774133977
16.25	751.370500174908	816.276352317592	917.36273257451	1016.62669245195	1155.54114351762	1314.31580617719	1458.73674552489	1643.96150401258	1790.76072890908
16.5	751.851862545536	814.267887040981	912.360057206936	1009.98142166784	1148.60758136813	1307.62019740931	1450.88870455251	1632.49411346545	1775.03479938185
16.75	752.160728847102	812.194556429328	907.395999604903	1003.40916765769	1141.71474309993	1300.92804891415	1443.06196036308	1621.13509950744	1759.55471430948
17	752.306467486561	810.06034365802	902.470555273672	996.909484439808	1134.86278761845	1294.23962626745	1435.25695447942	1609.88313826538	1744.31467389254
17.25	752.297348555018	807.868527845684	897.583314708367	990.481623550555	1128.05175634345	1287.55528707938	1427.47433805451	1598.73729811842	1729.30950355688
17.5	752.140579701339	805.621686712209	892.733445800722	984.124516456009	1121.28156814607	1280.87549715046	1419.7150011575	1587.69707924609	1714.53469765869
17.75	751.842769962775	803.322104511992	887.92001785834	977.83699582753	1114.55205037278	1274.20064323955	1411.97973883405	1576.76197472833	1699.98594897519
18	751.405505948448	800.968908364239	883.140880410749	971.617183619437	1107.86115403081	1267.52765667083	1404.26637725282	1565.93226843683	1685.66461700016
