age	C0.4	C2	C10	C25	C50	C75	C90	C98	C99.6
6	375.926098487532	653.801161042821	978.479072741064	1205.18189423255	1435.85772275995	1649.9923062949	1831.7907458959	2051.13052976866	2213.49580025621
6.25	395.73949651125	666.345880943775	981.272836176991	1203.28843365023	1431.03488779139	1643.87434147166	1825.49113575412	2045.58052418198	2209.10413153141
6.5	416.909477214353	678.968797790686	984.09880817169	1201.45834225913	1426.26454174905	1637.77941122484	1819.1912448497	2040.01863920115	2204.7100443513
6.75	438.955454034822	691.49656751519	986.911171360537	1199.67300860625	1421.54209026664	1631.71043253164	1812.89817886068	2034.45588708458	2200.32742736831
7	461.338544652848	703.766207176275	989.665861371651	1197.91659794116	1416.86902266882	1625.68022669063	1806.63241456884	2028.92096194758	2195.99111412262
7.25	483.567375947008	715.659160302867	992.330845206505	1196.17314642856	1412.23719169858	1619.68421917675	1800.39082844908	2023.41173554554	2191.69991179352
7.5	505.225375487171	727.086205501475	994.880291547675	1194.4284610198	1407.63829658547	1613.71671387009	1794.16858036525	2017.92375204281	2187.44989888607
7.75	526.0007851017	737.987159140933	997.2948956352	1192.67092439206	1403.06510141135	1607.77249044449	1787.96103677929	2012.45254688706	2183.23703784466
8	545.694522370428	748.329130784921	999.562264068064	1190.89231517071	1398.5124887523	1601.84803758048	1781.76515564828	2006.995219409	2179.05889077252
8.25	564.20933440647	758.102457240591	1001.67605152619	1189.08735362416	1393.9770763924	1595.94114822751	1775.57904413343	2001.54993715371	2174.91408253504
8.5	581.528307513937	767.315410110748	1003.63448439999	1187.25264918674	1389.45615103341	1590.0497067667	1769.40058103558	1996.1143338891	2170.80052123109
8.75	597.690120024536	775.988916542106	1005.43937375546	1185.38643128497	1384.94766199044	1584.17178180673	1763.22755008902	1990.68566530751	2166.71555956878
9	612.765936183104	784.151426993853	1007.09491250146	1183.48804765745	1380.44999069202	1578.30550246807	1757.05756041672	1985.2607525089	2162.65594183358
9.25	626.841852953058	791.835268128436	1008.60698108258	1181.5577008062	1375.96173932715	1572.44875349146	1750.88760855645	1979.83534106042	2158.61698981578
9.5	640.005596067239	799.072951918313	1009.98190040746	1179.59583107401	1371.48150263058	1566.59922257812	1744.71433319947	1974.40458877007	2154.59325511185
9.75	652.338792353366	805.894418816031	1011.22463047901	1177.60134314976	1367.00593159787	1560.7522233688	1738.53159005321	1968.96029703546	2150.57546753923
10	663.914233914098	812.326551146235	1012.33903159899	1175.57217630234	1362.53055530059	1554.90172637669	1732.331651906	1963.49230609125	2146.55206789037
10.25	674.794904681111	818.392361111601	1013.3270502044	1173.50448074396	1358.04891833928	1549.03943568925	1726.10421732426	1957.9873990319	2142.5080162981
10.5	685.034368675053	824.110706076931	1014.18820635473	1171.39204132464	1353.55193510127	1543.15406037088	1719.83559502197	1952.42835492426	2138.42372573378
10.75	694.679080948089	829.49809499446	1014.92162330577	1169.22865578861	1349.03069192946	1537.2345544814	1713.51234499616	1946.79810286954	2134.27961133828
11	703.769736091833	834.56932676356	1015.52653715128	1167.00870427854	1344.47711917279	1531.27090590849	1707.12217988408	1941.08076967344	2130.05724929477
11.25	712.342136033826	839.337676134288	1016.00223572265	1164.72702746364	1339.88382953246	1525.25394347524	1700.65374733099	1935.26142882655	2125.73909365217
11.5	720.429341433963	843.816853959068	1016.35032306278	1162.38158103633	1335.24726944934	1519.17903364005	1694.10085513052	1929.33104238927	2121.31400222325
11.75	728.06165749201	848.020326830758	1016.57355944599	1159.97198227594	1330.56595250909	1513.04400141379	1687.46011072794	1923.28373869891	2116.77422709557
12	735.266580836545	851.960859998664	1016.67520620965	1157.49878503374	1325.83968364986	1506.84832070686	1680.73009516097	1917.11598130323	2112.11458768806
12.25	742.069356385618	855.650809857841	1016.6592419129	1154.96371301735	1321.06984024924	1500.59346495142	1673.91179593301	1910.82713183152	2107.33315054189
12.5	748.493169665431	859.101874429873	1016.52970685381	1152.36870914708	1316.25807416719	1494.28123314055	1667.00657085812	1904.41691859102	2102.42828360591
12.75	754.559684464797	862.325451629647	1016.2909940801	1149.71621792666	1311.40659125077	1487.91402496507	1660.01641794058	1897.88569481811	2097.39889641363
13	760.288798980841	865.332224953269	1015.94735871787	1147.00868022123	1306.51764410074	1481.4943393245	1652.94348631159	1891.23397307083	2092.24399337807
13.25	765.69789651534	868.131351652884	1015.50217884285	1144.24792165016	1301.59311104547	1475.02459366784	1645.79015953594	1884.46291392201	2086.96352972135
13.5	770.802568612753	870.731014491733	1014.95835709395	1141.43544811432	1296.63466249804	1468.50714484368	1638.5589341819	1877.57400961361	2081.55793075174
13.75	775.616773624512	873.138436062732	1014.31821350192	1138.57225748352	1291.6434759393	1461.94389559173	1631.25192061928	1870.56844044853	2076.02732550329
14	780.15287452129	875.359836439266	1013.58340699028	1135.65875659685	1286.62015485791	1455.33621926196	1623.87077934915	1863.44703786722	2070.3715381324
14.25	784.422587751195	877.401396743928	1012.7559844939	1132.69590686306	1281.56599694293	1448.68636448785	1616.41826445737	1856.21203155962	2064.59201379717
14.5	788.437650525069	879.270006955189	1011.83931945575	1129.68636693217	1276.48441277432	1441.99920668757	1608.90033444814	1848.86971724809	2058.69500597568
14.75	792.209438215242	880.972662765633	1010.83722351524	1126.63335963059	1271.37948344514	1435.28045024146	1601.32399520534	1841.42779039991	2052.68847356644
15	795.749637924544	882.517301173917	1009.755088714	1123.54212866917	1266.25784477476	1428.53903567785	1593.70027951126	1833.89922895349	2046.58682716633
15.25	799.069947566602	883.91227971332	1008.59906336669	1120.41884398229	1261.12724388499	1421.78528906341	1586.04197985564	1826.29943234248	2040.4075629268
15.5	802.181144549493	885.16523600594	1007.37462347813	1117.268916305	1255.99452078384	1415.02850939898	1578.3608244838	1818.6427946777	2034.16730573197
15.75	805.093036126804	886.283010564098	1006.08648017035	1114.09689905313	1250.86550117926	1408.27684460016	1570.6673330909	1810.94253539501	2027.88162866383
16	807.814517256982	887.271684120693	1004.73860746751	1110.9065137122	1245.74501519861	1401.53729385871	1562.97079646635	1803.21064521408	2021.56497621129
16.25	810.352556924574	888.135468564282	1003.33301521687	1107.69932618829	1240.63545315212	1394.81412233853	1555.27754567837	1795.45594942235	2015.22855886121
16.5	812.713656790618	888.878262151728	1001.8714567768	1104.47659137108	1235.53877294808	1388.11103802409	1547.59328683863	1787.68665630386	2008.88308452809
16.75	814.904536596828	889.504303174225	1000.3560355659	1101.23980754575	1230.4569662653	1381.43152134245	1539.92325246712	1779.91018392253	2002.53823862375
17	816.931879180421	890.01792950335	998.789011346972	1097.99058091592	1225.39200818978	1374.77888122444	1532.27237493736	1772.13352326139	1996.20323761216
17.25	818.802464513409	890.423633519722	997.172734185599	1094.73043858518	1220.34549211055	1368.15564422832	1524.64437425898	1764.36179138948	1989.88480869803
17.5	820.523149585013	890.726034475899	995.509617287013	1091.46080602146	1215.31860929544	1361.56352285836	1517.04169416242	1756.59807413592	1983.58689275203
17.75	822.100416334792	890.929481667289	993.801854729404	1088.18285559046	1210.31219270032	1355.00371844481	1509.4661073509	1748.84454105782	1977.31227956591
18	823.540474028472	891.037950290841	992.050972744106	1084.89670032772	1205.32538504377	1348.47487182116	1501.91578828656	1741.09793501494	1971.05633870096
