age	C0.4	C2	C10	C25	C50	C75	C90	C98	C99.6
6	417.48330945923	674.240388411764	1005.61296056163	1266.12102431738	1555.56439631699	1845.0077683166	2105.51583207235	2436.88840422221	2693.64548317475
6.25	419.925120660717	674.386081700602	1002.79526720587	1260.97366887783	1547.82861716637	1834.68356545492	2092.86196712688	2421.27115263215	2675.73211367203
6.5	422.366931862203	674.53177498944	999.977573850107	1255.82631343829	1540.09283801576	1824.35936259323	2080.20810218142	2405.65390104208	2657.81874416932
6.75	424.780988675955	674.655975426475	997.146468826814	1250.67189934243	1532.35705886552	1814.04221838862	2067.56764890423	2390.05814230457	2639.93312905509
7	427.104518433225	674.710072187501	994.271618692373	1245.49446188269	1524.62127971706	1803.74809755143	2054.97094074175	2374.53248724662	2622.1380410009
7.25	429.336654630612	674.693394257115	991.352604729629	1240.29378068584	1516.8855005716	1793.47722045736	2042.41839641357	2359.07760688608	2604.43434651258
7.5	431.478253091431	674.606604380713	988.389840496196	1235.07007341086	1509.14972143055	1783.22936945025	2029.90960236491	2343.6928384804	2586.82118976968
7.75	433.530127645857	674.450332784416	985.383719257454	1229.8235470368	1501.41394229532	1773.00433755384	2017.44416533319	2328.37755180622	2569.29775694478
8	435.493087915675	674.225206435242	982.334632244838	1224.5544074719	1493.67816316663	1762.80191886136	2005.02169408843	2313.13111989803	2551.86323841759
8.25	437.367905128543	673.931809564275	979.242922350281	1219.26280787969	1485.94232640596	1752.62184493222	1992.64173046163	2297.95284324764	2534.51674768337
8.5	439.155490766032	673.570886969402	976.109119248482	1213.94910881608	1478.20660466597	1742.46410051585	1980.30409008345	2282.84232236253	2517.2577185659
8.75	440.856572212401	673.142963099077	972.933485477453	1208.61336691857	1470.47082581375	1732.32828470892	1968.00816615004	2267.79868852841	2500.08507941509
9	442.471993086309	672.648704018534	969.716457950675	1203.25583895332	1462.73504645871	1722.2142539641	1955.75363496674	2252.82138889888	2482.99809983111
9.25	444.002528546774	672.088710231824	966.458411761214	1197.87672280688	1454.99926759811	1712.12181238933	1943.540123435	2237.90982496439	2465.99600664944
9.5	445.448933835129	671.463566444585	963.159711520091	1192.47621006322	1447.26348857026	1702.05076707731	1931.36726562044	2223.06341069594	2449.0780433054
9.75	446.811897667812	670.773805990946	959.820690023883	1187.0544758666	1439.5277093563	1692.000942846	1919.23472868872	2208.28161272166	2432.24352104479
10	448.092071528103	670.019933464872	956.441662290124	1181.61168619934	1431.79193034956	1681.97217449978	1907.14219840899	2193.56392723424	2415.49178917101
10.25	449.290099921286	669.202447913728	953.022939637125	1176.1480047968	1424.05615131007	1671.96429782335	1895.08936298302	2178.90985470642	2398.82220269886
10.5	450.406618245153	668.321841231723	949.564828752312	1170.66359274638	1416.32037155302	1661.97715035965	1883.07591435373	2164.31890187432	2382.23412486089
10.75	451.442273540718	667.37861501986	946.067643530745	1165.1586163784	1408.58459345355	1652.0105705287	1871.10154337635	2149.79057188724	2365.72691336638
11	452.397729845464	666.373282964997	942.53170361566	1159.63324278896	1400.84881461687	1642.06438644478	1859.16592561808	2135.32434626874	2349.29989938828
11.25	453.273661939435	665.30636779828	938.957335502775	1154.0876442036	1393.11303586313	1632.13842752265	1847.26873622348	2120.91970392797	2332.95240978682
11.5	454.070776255964	664.178416577299	935.344880558181	1148.52200028433	1385.37725718936	1622.2325140944	1835.40963382055	2106.57609780143	2316.68373812277
11.75	454.789793465133	662.989987385932	931.694687030804	1142.93649431864	1377.64147859894	1612.34646287923	1823.58827016707	2092.29296981194	2300.49316373274
12	455.4314413093	661.741643783322	928.007106583722	1137.33131138783	1369.90570008869	1602.48008878955	1811.80429359365	2078.06975639405	2284.37995886807
12.25	455.996457352707	660.433956937356	924.282495632469	1131.70663908017	1362.16992166756	1592.63320425495	1800.05734770266	2063.90588639777	2268.34338598242
12.5	456.485570077332	659.067490973688	920.521206183213	1126.06266264443	1354.43414330471	1582.805623965	1788.34708042621	2049.80079563573	2252.38271653209
12.75	456.899492677641	657.642798193393	916.723582886843	1120.39956348758	1346.69836503131	1572.99716657504	1776.67314717578	2035.75393186923	2236.49723738498
13	457.238928322678	656.160423140214	912.889965564119	1114.71752048772	1338.96258690645	1563.20765332519	1765.03520824879	2021.76475067269	2220.68624549023
13.25	457.504560492709	654.620895042492	909.020684364717	1109.01670728912	1331.22680868555	1553.43691008198	1753.43293300639	2007.83272232861	2204.94905687839
13.5	457.697061000119	653.024734222686	905.116064097082	1103.29729499718	1323.49103069874	1543.68476640029	1741.86599730039	1993.95732717479	2189.28500039735
13.75	457.817110616717	651.37246782237	901.176433626482	1097.55945660253	1315.75525274862	1533.95104889471	1730.33407187076	1980.13803767487	2173.69339488052
14	457.865402057815	649.664632285352	897.202127711573	1091.80336830933	1308.01947487382	1524.23558143831	1718.83682203607	1966.37431746229	2158.17354768983
14.25	457.842621005375	647.901758599203	893.193477690207	1086.02920450111	1300.2836970702	1514.53818963928	1707.37391645018	1952.66563554119	2142.72477313502
14.5	457.749443342329	646.084370163188	889.150810165107	1080.23713706927	1292.54791933365	1504.85870159803	1695.9450285022	1939.01146850412	2127.34639532498
14.75	457.586535555777	644.212983100476	885.074447198653	1074.4273355156	1284.81214166006	1495.19694780452	1684.54983612146	1925.41130021964	2112.03774776433
15	457.354541431307	642.288095950751	880.964699875094	1068.59996355651	1277.07636402949	1485.55276450248	1673.1880281839	1911.86463210824	2096.79818662768
15.25	457.054091545561	640.310197102742	876.821873074393	1062.75518180683	1269.34058676773	1475.92599172863	1661.85930046107	1898.37097643272	2081.6270819899
15.5	456.685814872355	638.279773427126	872.646270267878	1056.89314955875	1261.60480897348	1466.3164683882	1650.56334767908	1884.92984451983	2066.5238030746
15.75	456.250341228087	636.197312843284	868.438196241594	1051.01402762832	1253.86903150165	1456.72403537498	1639.29986676171	1871.54075016002	2051.48772177521
16	455.748299383897	634.063302204947	864.197954689621	1045.11797571892	1246.13325407152	1447.14853242412	1628.06855345342	1858.20320593809	2036.51820875914
16.25	455.180326894107	631.878235229052	859.925853691311	1039.20515597118	1238.39747667522	1437.58979737925	1616.86909965912	1844.91671812138	2021.61462645633
16.5	454.547058582977	629.642603519082	855.622200008358	1033.2757298337	1230.66169930793	1428.04766878215	1605.7011986075	1831.68079509678	2006.77634003288
16.75	453.849132814969	627.356901420299	851.287302113791	1027.32985965633	1222.92592196602	1418.52198427572	1594.56454181826	1818.49494251175	1992.00271111708
17	453.087185426414	625.021621320304	846.921467259223	1021.36770714628	1215.19014464636	1409.01258214643	1583.45882203349	1805.35866797241	1977.2931038663
17.25	452.26184228301	622.63724788529	842.524997877729	1015.38943147434	1207.45436734488	1399.51930321542	1572.38373681203	1792.27148680447	1962.64689240675
17.5	451.373719249264	620.204258036359	838.098191569033	1009.39518926699	1199.71859005658	1390.04199084617	1561.33898854413	1779.23292207681	1948.0634608639
17.75	450.423479301252	617.723165177645	833.641368698621	1003.38514913266	1191.98281277679	1380.58047642092	1550.32425685496	1766.24246037594	1933.54214625233
18	449.414438660031	615.196537372458	829.156131751919	997.360154469139	1184.24703550181	1371.13391653448	1539.3379392517	1753.29753363116	1919.07963234358
