age	C0.4	C2	C10	C25	C50	C75	C90	C98	C99.6
6	614.492628921623	1025.85270521034	1505.69271285578	1761.43557439359	1943.95623774308	2110.3751537557	2288.46469885505	2539.86059939891	2745.26878645505
6.25	603.095405967324	1013.91964834702	1492.20975974863	1749.47321035116	1936.81609541551	2106.4754541402	2284.38757915992	2532.36357327071	2733.37737654314
6.5	592.932633876199	1003.32081754428	1479.43344153856	1737.77750315011	1929.61314292815	2102.36504165583	2280.10845362202	2524.90505393136	2721.86284910438
6.75	584.08842418617	994.07638198721	1467.30855541173	1726.31309562908	1922.36614567508	2098.1086991966	2275.6888784918	2517.47665911448	2710.62042276941
7	576.681299162119	986.195653042873	1455.72501771729	1715.00043571219	1915.10237882682	2093.81383497047	2271.21921001861	2510.04006177947	2699.44843668791
7.25	570.949789511476	979.831356807126	1444.72945351112	1703.8627978232	1907.83038908753	2089.48823708918	2266.7092018093	2502.60334842743	2688.35071682498
7.5	567.183625822886	975.145998115132	1434.3717223198	1692.92722138846	1900.55966018763	2085.13740413523	2262.16644318072	2495.17553130302	2677.33610058995
7.75	565.7306287814	972.301956058863	1424.69888685058	1682.22124017657	1893.30112697061	2080.76727522625	2257.5985429282	2487.76526905712	2666.4128539162
8	567.003961804096	971.45117935379	1415.75274444064	1671.77205455147	1886.066839865	2076.38393889529	2253.01287546921	2480.38070789245	2655.58860618448
8.25	571.484282783299	972.720557692099	1407.56692100969	1661.60558025985	1878.86969382564	2071.99355901544	2248.4165791686	2473.029551556	2644.87046108988
8.5	579.70950428921	976.192472141411	1400.16308831394	1651.74469386111	1871.72236292276	2067.60153958866	2243.81576312441	2465.7182806925	2634.26420606271
8.75	592.240707913016	981.882430149729	1393.54778555646	1642.20823487605	1864.63720110652	2063.21290551393	2239.21608834494	2458.452916305	2623.77518537907
9	609.586925681086	989.715634371604	1387.70856083928	1633.00885814213	1857.62482826573	2058.83133796461	2234.62192376911	2451.23823230375	2613.40752073831
9.25	632.073900495459	999.508688427723	1382.61144106175	1624.15166395242	1850.693506413	2054.45919607834	2230.03661976183	2444.07821676713	2603.16466999329
9.5	659.660123930567	1010.96262193275	1378.19938535108	1615.63258613102	1843.84792980398	2050.09690944654	2225.46211046191	2436.97579250323	2593.04918974818
9.75	691.752060983311	1023.67432381861	1374.39328292848	1607.4377971392	1837.08863809928	2045.74297791887	2220.8991520763	2429.93320749305	2583.06319512915
10	727.129250698408	1037.16908760298	1371.09557791623	1599.54376675586	1830.41136830807	2041.39364482508	2216.34711285704	2422.95185963245	2573.20817958805
10.25	764.092253252628	1050.95146821027	1368.1973170494	1591.91888191612	1823.80720293164	2037.04301539526	2211.80408235044	2416.03235956548	2563.48503881669
10.5	800.829252063652	1064.56457478119	1365.58828741889	1584.52687829302	1817.26382681158	2032.68383082449	2207.26746840324	2409.17498470112	2553.8944507348
10.75	835.833521571573	1077.64313403228	1363.16838929824	1577.33143128659	1810.76753100906	2028.30850730238	2202.73465509565	2402.38006632681	2544.43713249952
11	868.164811977831	1089.94582639817	1360.85748156923	1570.30095411951	1804.30569194945	2023.91041620673	2198.20380507668	2395.6484849216	2535.11420224272
11.25	897.469719393208	1101.35765741837	1358.60038086768	1563.41196468859	1797.8688665812	2019.4849637435	2193.67453174745	2388.98210472739	2525.92752041078
11.5	923.822295331201	1111.86358256295	1356.36514268189	1556.64968685165	1791.45162664774	2015.03000535842	2189.14815262022	2382.3839662693	2516.87987464609
11.75	947.508875520057	1121.50689904797	1354.13595760487	1550.00582509917	1785.05174073428	2010.5452678815	2184.62721537845	2375.85790790804	2507.97465258259
12	968.861433748546	1130.35203609514	1351.90514111615	1543.47540999917	1778.66868044327	2006.03144369301	2180.11484602519	2369.40809493168	2499.21545475268
12.25	988.178314016829	1138.46378109935	1349.66796615875	1537.05459557754	1772.30250872527	2001.48956335416	2175.61433631059	2363.03875594158	2490.60589901211
12.5	1005.7082880646	1145.90086231544	1347.42072952411	1530.73984332847	1765.95348254619	1996.9208150246	2171.12906490731	2356.75417831809	2482.14965123011
12.75	1021.6575951644	1152.71570922395	1345.16042913183	1524.52788157112	1759.62211436998	1992.32667755126	2166.66267272822	2350.55892277007	2473.85066167976
13	1036.19893290103	1158.95516730162	1342.88452946797	1518.4155152365	1753.30894914392	1987.70867101926	2162.21879579782	2344.45754133836	2465.71287200978
13.25	1049.47847079733	1164.66123523848	1340.59084350088	1512.39954051042	1747.01445272453	1983.06822641735	2157.80092372418	2338.45442890383	2457.74006122622
13.5	1061.62114225598	1169.87174141615	1338.27751773203	1506.47677776235	1740.73904393951	1978.40672274234	2153.41244377133	2332.55388072109	2449.93591183733
13.75	1072.73459743971	1174.62083050375	1335.94292554196	1500.64399286988	1734.48299483163	1973.72537096402	2149.05651519452	2326.75996286688	2442.30387714356
14	1082.91227529313	1178.93940444973	1333.58561767377	1494.89788119909	1728.24640614471	1969.02518462459	2144.73603844774	2321.07648678047	2434.84715884728
14.25	1092.23590695659	1182.85560821104	1331.20441144591	1489.23520672836	1722.02936763114	1964.30716531708	2140.45386110177	2315.50724305196	2427.56895854174
14.5	1100.77744754577	1186.39517452145	1328.79837975267	1483.65281805527	1715.83196958675	1959.57231292407	2136.21278812773	2310.05601809292	2420.47249747215
14.75	1108.6006009686	1189.5816982446	1326.366825927	1478.14765311098	1709.65431205004	1954.82164264288	2132.01560588832	2304.72663224518	2413.56106288398
15	1115.7621157558	1192.43693444821	1323.90932468365	1472.71680844762	1703.49658173917	1950.05627287969	2127.86517868011	2299.52305155764	2406.83812823786
15.25	1122.3127614752	1194.98096656296	1321.42566021531	1467.35749436802	1697.35900177624	1945.27737205076	2123.76439435381	2294.44933948145	2400.30730754731
15.5	1128.29808454587	1197.23230268037	1318.91571774071	1462.0669358743	1691.24171813756	1940.48603162758	2119.71602882601	2289.50952102666	2393.97221826089
15.75	1133.75909325603	1199.20802429689	1316.37946055606	1456.84236603779	1685.14479189362	1935.68325847307	2115.72273966408	2284.70758577433	2387.83648905062
16	1138.73291178208	1200.92400314692	1313.81700601168	1451.68112824481	1679.06831963948	1930.87011665986	2111.78722504433	2280.04767180998	2381.90395808278
16.25	1143.25332067551	1202.39507614904	1311.22867257341	1446.58074295342	1673.01251162745	1926.04782013257	2107.91232894707	2275.5341911677	2376.17880943834
16.5	1147.35112001334	1203.63509724405	1308.61490850043	1441.53884193385	1666.97761661964	1921.21764900064	2104.10095373411	2271.17174729417	2370.6654918673
16.75	1151.05456242055	1204.65711595617	1305.97637497793	1436.55327328533	1660.96404660382	1916.3810985846	2100.35623055714	2266.96533461711	2365.36893452396
17	1154.38958715337	1205.47338783493	1303.31385603922	1431.62201170883	1654.97227215739	1911.53975960151	2096.68139267008	2262.92021438505	2360.2944224002
17.25	1157.37984638843	1206.09520529417	1300.62798913385	1426.7428741537	1649.00249626647	1906.69494466578	2093.07937312213	2259.0414969726	2355.44716838004
17.5	1160.04691124037	1206.53294601476	1297.91924172631	1421.91350516593	1643.05463838803	1901.8476696569	2089.55279026962	2255.33414311068	2350.83232295008
17.75	1162.41054221167	1206.79625393716	1295.18808649333	1417.13158655977	1637.12855124023	1896.99887263427	2086.10420695507	2251.80335351828	2346.45548108613
18	1164.484828262	1206.89175099529	1292.43462712094	1412.3948435525	1631.22306794086	1892.14712348103	2082.73422920796	2248.45675096009	2342.32914817639
