age	C0.4	C2	C10	C25	C50	C75	C90	C98	C99.6
6	424.388939107753	535.857297199089	679.719178961954	792.815987255893	918.474752220972	1044.13351718605	1157.23032547999	1301.09220724285	1412.56056533419
6.25	418.844255872378	530.867310429438	675.445087525586	789.104695890502	915.388772594328	1041.67284929815	1155.33245766307	1299.91023475922	1411.93328931628
6.5	413.299572637002	525.877323659788	671.170996089219	785.393404525111	912.302792967685	1039.21218141026	1153.43458984615	1298.72826227558	1411.30601329837
6.75	407.774080148376	520.902198103507	666.90617813864	781.686993861628	909.216813341138	1036.74663282065	1151.52744854364	1297.53142857877	1410.6595465339
7	402.35118196505	516.006521037687	662.690936519867	778.006675576041	906.130833714734	1034.25499185343	1149.5707309096	1296.25514639178	1409.91048546442
7.25	397.116748055826	511.256789714531	658.566765914757	774.374288616037	903.044854088466	1031.7154195609	1147.52294226218	1294.8329184624	1408.97296012111
7.5	392.177464863908	506.735621554544	654.585220086317	770.816966095635	899.958874462365	1029.1007828291	1145.33252883841	1293.18212737019	1407.74028406082
7.75	387.641268654368	502.526601833704	650.798456745125	767.362158990764	896.872894836428	1026.38363068209	1142.94733292773	1291.21918783915	1406.10452101849
8	383.567896510662	498.675990635214	647.23534245886	764.025059982268	893.786915210487	1023.54877043871	1140.33848796211	1288.89783978576	1404.00593391031
8.25	379.988756169356	495.208109430386	643.911053112843	760.813655166396	890.700933303145	1020.58821143989	1137.49081349345	1286.1937571759	1401.41311043693
8.5	376.989014839596	492.188912799523	640.866747327466	757.749609855858	887.614955947043	1017.48030203823	1134.36316456662	1283.04099909456	1398.24089705449
8.75	374.729047128175	489.742592457648	638.179918911841	754.873706369223	884.528976329461	1014.1842462897	1130.87803374708	1279.31536020127	1394.32890553075
9	373.382989627265	488.003999357845	635.934716484667	752.230233759041	881.442996631112	1010.65575950318	1126.95127677756	1274.88199390438	1389.50300363496
9.25	373.159022469579	487.134347148994	634.231738405792	749.872137764193	878.357017069349	1006.8418963745	1122.4822957329	1269.5796869897	1383.55501166912
9.5	374.248935707351	487.28215698965	633.163662681746	747.848195378781	875.271037426206	1002.69387947363	1117.37841217067	1263.25991786276	1376.29313914506
9.75	376.696578921689	488.481385789295	632.751678667343	746.16955876316	872.185057810284	998.200556857407	1111.61843695322	1255.88872983127	1367.67353669888
10	380.457509537337	490.697617439102	632.974310484981	744.824924983609	869.099078167081	993.373231350553	1105.22384584918	1247.50053889506	1357.74064679682
10.25	385.420628807207	493.844817773287	633.777872501622	743.78603915888	866.013099026884	988.240158894889	1098.24832555215	1238.18138028048	1346.60556924656
10.5	391.397266158085	497.776881262407	635.071193945985	743.004917397606	862.927120257329	982.849323117053	1090.78304656867	1228.07735925225	1334.45697435657
10.75	398.163258061865	502.320216262846	636.745951620061	742.424547194994	859.841139258997	977.257731323	1082.93632689793	1217.36206225515	1321.51902045613
11	405.396314171652	507.225243635771	638.646408004252	741.962964483392	856.755159625377	971.547354767361	1074.8639112465	1206.28507561498	1308.1140050791
11.25	412.777417804399	512.24491823157	640.618404938678	741.53903407427	853.669179990658	965.799325907045	1066.71995504264	1195.09344174975	1294.56094217692
11.5	420.036223020427	517.16988557749	642.531303985826	741.084000026285	850.583200359477	960.08240069267	1058.63509673313	1183.99651514146	1281.13017769853
11.75	426.939995241249	521.819917239178	644.272641526653	740.538671931005	847.497220728087	954.455769525169	1050.72179992952	1173.174524217	1268.05444621492
12	433.341527649959	526.081017032142	645.771283262814	739.865611299298	844.411241097741	948.956870896183	1043.05119893267	1162.74146516334	1255.48095454552
12.25	439.185994745795	529.910728377743	647.000736037424	739.050874594983	841.325261471974	943.599648348965	1035.64978690652	1152.73979456621	1243.46452819815
12.5	444.393732504012	533.247359871749	647.922504042304	738.07420119385	838.239281839861	938.404362485873	1028.55605963742	1143.23120380797	1232.08483117571
12.75	448.785255248457	535.95191875311	648.449854970082	736.889943267877	835.15330221272	933.416661157563	1021.85674945536	1134.35468567233	1221.52134917698
13	452.179602632307	537.884270282791	648.495343911028	735.452077939713	832.067322598451	928.682567257189	1015.63930128587	1126.25037491411	1211.95504256459
13.25	454.458958613408	538.953178328345	648.002038959411	733.730641521371	828.981342956905	924.232044392439	1009.9606469544	1119.00950758546	1203.5037273004
13.5	455.53462220931	539.089953327848	646.927077439632	731.703075106225	825.895363342861	920.087651579498	1004.86364924609	1112.70077335787	1196.25610447641
13.75	455.358439401127	538.257305055127	645.247190016197	729.357131861516	822.809383724346	916.261635587175	1000.37157743249	1107.36146239356	1190.26032804756
14	453.926611587829	536.45229189519	642.96054110659	726.691845710546	819.723404108749	912.754962506951	996.486267110908	1102.99451632231	1185.52019662967
14.25	451.244036574083	533.678706682282	640.069497462112	723.708462291592	816.637424496383	909.566386701175	993.205351530655	1099.59614231048	1182.03081241868
14.5	447.354658689549	529.970579674212	636.595294166616	720.418157781183	813.551444887456	906.684731993729	990.507595608296	1097.1323101007	1179.74823108536
14.75	442.308034177572	525.366286965219	632.56187813178	716.833535610192	810.465465282118	904.097394954044	988.369052432456	1095.56464359902	1178.62289638666
15	436.207824860917	519.946103727151	628.019341545984	712.980959658622	807.379485687059	901.778011715497	986.739629828135	1094.81286764697	1178.5511465132
15.25	429.183131025209	513.810004509108	623.030069068827	708.893263349321	804.293505955651	899.693748561981	985.556942842475	1094.77700740219	1179.40388088609
15.5	421.370684452334	507.063873773362	617.660133385288	704.605221396679	801.207526484691	897.809831572703	984.754919584095	1095.35117919602	1181.04436851705
15.75	412.919843851378	499.823374032679	611.981708449641	700.154819288214	798.121546893009	896.088274497803	984.261385336377	1096.41971975334	1183.32324993464
16	403.963558259004	492.191460349304	606.059038880425	695.575869483662	795.035567302506	894.49526512135	984.012095724587	1097.87967425571	1186.10757634601
16.25	394.577249166424	484.226538729629	599.928570374329	690.887553614307	791.949587714409	893.011621814511	983.970605054488	1099.67263669919	1189.32192626239
16.5	384.821719964218	475.975694999515	593.619684767426	686.105335550496	788.863608128687	891.621880706879	984.107531489949	1101.75152125786	1192.90549629316
16.75	374.702106721412	467.442906503791	587.134863946585	681.230521527009	785.777628545294	890.32473556358	984.420393144004	1104.1123505868	1196.85315036918
17	364.197383406037	458.611890793876	580.463947566785	676.257764081601	782.691648964169	889.125533846737	984.919350361552	1106.77140713446	1201.1859145223
17.25	353.306271142407	449.481657515092	573.606317640685	671.186737962965	779.605669384995	888.024600807024	985.605021129305	1109.7296812549	1205.90506762758
17.5	342.051014311026	440.069432598571	566.572723251792	666.02310049031	776.519689807172	887.016279124034	986.466656362552	1112.96994701577	1210.98836530332
17.75	330.465572741946	430.40151435797	559.379574704428	660.775488523852	773.433710230159	886.091931936466	987.48784575589	1116.46590610235	1216.40184771837
18	318.61862469183	420.531086873953	552.060059181894	655.461368715229	770.347730653588	885.234092591947	988.635402125282	1120.16437443322	1222.07683661535
