age	C0.4	C2	C10	C25	C50	C75	C90	C98	C99.6
6	880.68630481502	1051.58044254922	1272.13767204154	1445.52841596948	1638.17812082881	1830.82782568815	2004.21856961609	2224.77579910841	2395.66993684261
6.25	877.849715744795	1048.22140028189	1268.10434784027	1440.96500601035	1633.02574710792	1825.08648820549	1997.94714637558	2217.83009393396	2388.20177847105
6.5	875.01312667457	1044.86235801456	1264.07102363899	1436.40159605123	1627.87337338703	1819.34515072283	1991.67572313507	2210.8843887595	2380.7336200995
6.75	872.17440705509	1041.50166586112	1260.03666989896	1431.83764423853	1622.7209996662	1813.60435509388	1985.40532943344	2203.94033347129	2373.26759227732
7	869.328722545534	1038.13558013344	1255.99895053648	1427.2719210747	1617.56862594543	1807.86533081616	1979.13830135438	2197.00167175742	2365.80852934533
7.25	866.475975503479	1034.76402521775	1251.95781836808	1422.70440172674	1612.4162522247	1802.12810272265	1972.87468608132	2190.06847923165	2358.35652894591
7.5	863.616198718117	1031.3870265058	1247.91328923835	1418.13509453373	1607.26387850393	1796.39266247413	1966.61446776951	2183.14073050206	2350.91155828974
7.75	860.749420079766	1028.0046055957	1243.86537662458	1413.56400658882	1602.11150478303	1790.65900297723	1960.35763294147	2176.21840397035	2343.47358948629
8	857.875650906479	1024.61677125199	1239.81408599577	1408.9911407702	1596.9591310616	1784.927121353	1954.10417612743	2169.30149087121	2336.04261121672
8.25	854.994889220087	1021.22351943514	1235.75941065196	1404.41648828642	1591.80674622441	1779.19700416241	1947.85408179686	2162.38997301368	2328.61860322874
8.5	852.107154691965	1017.82487288959	1231.70137730373	1399.84007896603	1586.65438356431	1773.46868816259	1941.60738982489	2155.48389423903	2321.20161243666
8.75	849.212453502056	1014.4208289125	1227.63997178404	1395.26188962944	1581.50200988808	1767.74213014672	1935.36404799213	2148.58319086367	2313.79156627411
9	846.310806332756	1011.01140606336	1223.57520991254	1390.68193394238	1576.34963646831	1762.01733899423	1929.12406302408	2141.68786687326	2306.38846660386
9.25	843.402225164993	1007.59661342204	1219.50709702499	1386.10021429718	1571.19726242694	1756.2943105567	1922.88742782889	2134.79791143184	2298.99229968889
9.5	840.486720803092	1004.17645958965	1215.43563887899	1381.51673421601	1566.04488880245	1750.57304338889	1916.65413872591	2127.91331801525	2291.6030568018
9.75	837.564292218325	1000.75094360709	1211.36083460532	1376.93149290032	1560.8925148748	1744.85353684928	1910.42419514428	2121.03408614251	2284.22073753127
10	834.63493437406	997.320061704288	1207.28268206854	1372.34448949972	1555.74014122137	1739.13579294303	1904.19760037421	2114.16022073846	2276.84534806869
10.25	831.698638132397	993.883806688341	1203.20117658597	1367.75572130495	1550.58776732552	1733.4198133461	1897.97435806508	2107.2917279627	2269.47689651865
10.5	828.755397660195	990.442174833427	1199.11631715151	1363.16518944801	1545.43539669484	1727.70560394168	1891.75447623817	2100.42861855625	2262.11539572949
10.75	825.805186144943	986.995143276467	1195.02808599924	1358.57288017011	1540.28302002276	1721.9931598754	1885.53795404627	2093.57089676905	2254.76085390057
11	822.84800100687	983.542712050035	1190.93648653326	1353.97879952586	1535.13064630877	1716.28249309167	1879.32480608427	2086.7185805675	2247.41329161066
11.25	819.883821701515	980.08486457715	1186.84150729703	1349.38294008416	1529.97827259435	1710.57360510454	1873.11503789168	2079.87168061156	2240.07272348719
11.5	816.912640716747	976.621595041484	1182.74314466286	1344.7852999379	1524.82589888407	1704.86649783025	1866.90865310529	2073.03020272666	2232.7391570514
11.75	813.934455342141	973.152901344845	1178.64139732269	1340.18587840019	1519.67352518122	1699.16117196225	1860.70565303976	2066.1941490176	2225.4125950203
12	810.949271314541	969.678787929581	1174.53626804819	1335.58467692931	1514.52115148478	1693.45762604024	1854.50603492136	2059.36351503997	2218.09303165501
12.25	807.957104786362	966.19926730772	1170.42776465308	1330.98169964539	1509.36877781105	1687.75585597672	1848.30979096903	2052.53828831439	2210.78045083575
12.5	804.957970694894	962.714351035488	1166.31589432995	1326.37695031058	1504.21640411071	1682.05585791084	1842.11691389147	2045.71845718593	2203.47483752653
12.75	801.951878415133	959.224046383921	1162.20066163447	1321.77043134583	1499.06403043289	1676.35762951996	1835.92739923132	2038.90401448187	2196.17618245065
13	798.938836237777	955.728359750499	1158.0820705207	1317.16214478434	1493.91165667657	1670.6611685688	1829.74124283245	2032.09495360264	2188.88447711536
13.25	795.918854381684	952.227299117811	1153.96012608509	1312.55209345363	1488.7592831483	1664.96647284297	1823.55844021151	2025.29126717879	2181.59971191492
13.5	792.89194233661	948.720871741257	1149.83483269936	1307.9402794584	1483.606909434	1659.2735394096	1817.37898616864	2018.49294712674	2174.32187653139
13.75	789.858111735955	945.209086684885	1145.70619611154	1303.32670593981	1478.45453577837	1653.58236561693	1811.20287544519	2011.69998487185	2167.05095982078
14	786.817374673259	941.69195330188	1141.5742221381	1298.71137593392	1473.30216212826	1647.89294832261	1805.03010211843	2004.91237095465	2159.78694958327
14.25	783.769748397971	938.169484950182	1137.43891911455	1294.0942938279	1468.14978848394	1642.20528313998	1798.86065785333	1998.1300920177	2152.52982856991
14.5	780.715264602631	934.641706172351	1133.30030235564	1289.47546768206	1462.9974148455	1636.51936200895	1792.69452733536	1991.35312351866	2145.27956508838
14.75	777.65395785488	931.108643737396	1129.15838856542	1284.85490628788	1457.845041213	1630.83517613811	1786.53169386057	1984.5814386886	2138.03612457111
15	774.585865976299	927.5703269395	1125.01319603254	1280.23261928205	1452.69266761013	1625.15271593822	1780.37213918773	1977.81500828076	2130.79946924397
15.25	771.511028171268	924.026786022681	1120.86474343671	1275.60861625299	1447.5402935243	1619.4719707956	1774.21584361189	1971.05380102591	2123.56955887732
15.5	768.429490936703	920.478057307385	1116.71305396454	1270.98291006221	1442.38792034499	1613.79293062778	1768.06278672544	1964.2977833826	2116.34634975328
15.75	765.341306857847	916.92418121441	1112.55815233732	1266.35551308881	1437.23554673831	1608.11558038781	1761.9129411393	1957.54691226221	2109.12978661877
16	762.246530393601	913.365200012766	1108.4000650917	1261.72643950146	1432.0831731312	1602.43990676093	1755.7662811707	1950.80114624963	2101.91981586879
16.25	759.145218532222	909.801157834784	1104.23881976804	1257.09570379682	1426.93079952776	1596.76589525871	1749.62277928749	1944.06044122074	2094.71638052331
16.5	756.03742812525	906.232098705922	1100.07444383838	1252.46332043343	1421.77842592767	1591.09353142191	1743.48240801696	1937.32475314941	2087.51942373009
16.75	752.923214236083	902.658065266944	1095.90696391073	1247.82930341521	1416.62605233072	1585.42280124624	1737.34514075072	1930.59403939451	2080.32889042537
17	749.802630799479	899.079099284611	1091.73640604775	1243.19366645905	1411.4736787368	1579.75369101454	1731.21095142584	1923.86825818898	2073.14472667411
17.25	746.675729533439	895.495240808984	1087.56279524077	1238.55642271788	1406.32130514549	1574.08618757309	1725.0798150502	1917.14736948199	2065.96688075753
17.5	743.542559831109	891.906528089695	1083.38615535752	1233.91758475312	1401.1689315561	1568.42027835907	1718.95170775467	1910.4313350225	2058.79530328108
17.75	740.403173183463	888.313001000939	1079.20651127951	1229.27716565979	1396.01655796799	1562.75595027618	1712.82660465646	1903.72011493503	2051.62994275251
18	737.257881325729	884.714900948708	1075.02401364528	1224.63524471976	1390.86418438057	1557.09312404139	1706.70435511587	1897.01346781244	2044.47048743542
