age	C0.4	C2	C10	C25	C50	C75	C90	C98	C99.6
6	509.227745231138	612.335525283481	763.50567455906	897.368819254512	1062.34412497343	1245.14082504454	1425.50860064931	1677.48915831552	1890.71559598583
6.25	517.60972339151	619.055366273408	767.888384365663	899.849133775453	1062.7440994526	1243.60326858912	1422.4464190493	1672.93428926552	1885.46131935973
6.5	525.871571554331	625.696330697198	772.238184141703	902.320505325698	1063.14407393176	1242.05283647843	1419.34000288078	1668.26918147288	1880.02813146783
6.75	534.002685349252	632.247662986219	776.5461193652	904.777293592617	1063.5440897841	1240.49716546132	1416.20517815186	1663.52143670799	1874.45344213875
7	541.976115996756	638.684503219945	780.793141570811	907.207960636577	1063.94423616748	1238.9514581128	1413.07363851626	1658.74745082579	1868.81547875329
7.25	549.804257774277	645.016298463365	784.984880989633	909.615354524909	1064.34450224805	1237.41289196163	1409.93978137591	1653.93721614195	1863.09974074142
7.5	557.496858288955	651.250291962757	789.125463937978	912.00146784501	1064.74486225496	1235.8796232937	1406.80002768771	1649.08429574984	1857.29665859827
7.75	565.061315748989	657.391771558371	793.217680266108	914.367531756262	1065.14528160409	1234.35070344457	1403.65266150058	1644.18558150399	1851.40130971388
8	572.493643438677	663.436192029372	797.257274005646	916.710633491687	1065.5456643192	1232.83025167161	1400.50667552268	1639.25743648532	1845.43638608073
8.25	579.783693051762	669.37371969732	801.236211389206	919.025636676365	1065.94589368151	1231.32519145153	1397.37705655539	1634.32733651793	1839.44060646934
8.5	586.918216085092	675.19188539943	805.1445719214	921.306265566463	1066.34578186174	1229.84379390495	1394.28181701416	1629.42862882788	1833.46144180392
8.75	593.88038256605	680.875184975368	808.970300219359	923.545020919594	1066.74522609653	1228.39615181616	1391.24284116941	1624.60200960655	1827.55724265154
9	600.650031436465	686.40527352621	812.699300693341	925.733173831249	1067.14406723363	1226.99388231637	1388.28543850617	1619.89489841088	1821.79651082945
9.25	607.1952777211	691.753675304632	816.310188380925	927.857706657666	1067.54218796053	1225.65428436778	1385.44706537412	1615.37744923702	1816.28090729999
9.5	613.483077487696	696.890961227735	819.780899981923	929.905188069845	1067.93948421892	1224.3953666613	1382.76689841171	1611.12364059787	1811.11845611196
9.75	619.480859032839	701.788163034262	823.089724989164	931.862402777109	1068.33592243901	1223.23517557473	1380.28435380265	1607.20853911533	1806.41965669174
10	625.157064888264	706.417222236417	826.215609523714	933.716513991469	1068.73150702003	1222.19151829185	1378.03854282472	1603.70735106919	1802.29618634482
10.25	630.48521694728	710.754491943605	829.140652249032	935.456497126837	1069.12618904971	1221.27990889221	1376.06400653501	1600.68762607542	1798.84973321026
10.5	635.444659531735	714.781360740677	831.850541119978	937.073389140924	1069.51984535131	1220.51318604291	1374.38990538534	1598.20772451123	1796.16974368846
10.75	640.017041157955	718.481174345771	834.332313064977	938.558962720969	1069.91228357887	1219.90323990265	1373.04369072361	1596.32361250616	1794.34324250485
11	644.188722427217	721.84128728823	836.575777685414	939.906491445901	1070.30306413568	1219.45961923522	1372.0483397299	1595.0838995215	1793.44777117476
11.25	647.948212547618	724.85084958868	838.571962838198	941.109913041276	1070.69171236679	1219.19111281542	1371.42550219561	1594.53554469761	1793.55962901463
11.5	651.294608954919	727.508166407011	840.318489893772	942.167061118854	1071.07781382863	1219.10172750915	1371.18674529926	1594.70735294588	1794.72976248399
11.75	654.232307743896	729.816094939362	841.816234754489	943.077681940571	1071.46098917098	1219.19318916951	1371.33890764723	1595.61992043357	1796.99817076383
12	656.773756039395	731.784467610882	843.071126529076	943.844536435383	1071.84094394092	1219.46356353396	1371.88102437579	1597.27969194921	1800.38507088106
12.25	658.941362968799	733.431797904737	844.095438686721	944.474201509081	1072.21749063431	1219.90616305134	1372.80184542311	1599.67400896124	1804.88333350304
12.5	660.754109542861	734.773604243458	844.899272937612	944.971980384065	1072.59049361405	1220.51613729115	1374.09412260148	1602.79815487938	1810.49828996151
12.75	662.221051358287	735.816724461222	845.486397601873	945.339433813369	1072.95995828157	1221.29405525748	1375.76238834636	1606.67041466289	1817.27045013119
13	663.348134200174	736.565235134994	845.858515703108	945.576867419315	1073.32592595392	1222.24242780416	1377.81565087838	1611.31863915862	1825.25624281178
13.25	664.135031811262	737.017660654847	846.013192783285	945.682083147422	1073.68851080338	1223.36756909014	1380.2715431422	1616.78859417295	1834.54108601465
13.5	664.57832657085	737.169724801821	845.94582893671	945.651523945586	1074.04786475895	1224.67807586259	1383.15319686547	1623.13849487562	1845.23205757916
13.75	664.680704749464	737.022423767519	845.655599223773	945.483833757521	1074.40414389019	1226.1799205074	1386.47856464596	1630.41861042646	1857.4277824394
14	664.45214940938	736.5831180594	845.146306881081	945.180396874633	1074.75750983336	1227.87563985246	1390.25857062951	1638.66759656074	1871.21300791031
14.25	663.906412103232	735.862471787484	844.424170679023	944.744034575892	1075.10815519906	1229.76611998265	1394.50097066319	1647.91998474791	1886.67012274246
14.5	663.068068903585	734.88075480579	843.502596028349	944.18196168282	1075.45636231269	1231.84648212343	1399.20099998479	1658.18741839323	1903.85038922375
14.75	661.964460385181	733.660781404565	842.396979789553	943.502646283033	1075.80243415703	1234.11015609392	1404.35037580996	1669.47620426099	1922.80069088023
15	660.632667083535	732.234168826197	841.129478554411	942.718772108248	1076.14670583009	1236.54452607912	1409.92730201651	1681.76681398783	1943.5314529776
15.25	659.114113673587	730.636638016244	839.725591191945	941.845205419461	1076.48952741116	1239.13353045001	1415.90203351721	1695.02426260644	1966.03191958773
15.5	657.449822963158	728.90383572431	838.211069590778	940.897127039455	1076.83124104157	1241.86013430013	1422.2423005098	1709.20859874	1990.28613959074
15.75	655.680229112048	727.071186516533	836.611834323116	939.889999262882	1077.17217740322	1244.70626374869	1428.9130146819	1724.27391452736	2016.27114662902
16	653.842743839958	725.171719571852	834.952339261597	938.838569055828	1077.51266522545	1247.65422215304	1435.87938572332	1740.17445141275	2043.96652310459
16.25	651.966807417836	723.231590945299	833.25212167073	937.754706626373	1077.85302621145	1250.68994075314	1443.11447035145	1756.88053725024	2073.3806605725
16.5	650.078813899751	721.274451842814	831.52907734478	936.649410570758	1078.1935628362	1253.80003008491	1450.59243713003	1774.36475857102	2104.52927061263
16.75	648.193704322365	719.313795804914	829.7934877835	935.528989180276	1078.53444073206	1256.97744314412	1458.30216135056	1792.63179259548	2137.48609607316
17	646.321030048699	717.358347508793	828.052076327099	934.397569140688	1078.87576054728	1260.21806909961	1466.23947365849	1811.7030026787	2172.36025215384
17.25	644.464685692584	715.411759535406	826.30769814267	933.256850447918	1079.21753367257	1263.52123263611	1474.40864347599	1831.62083885561	2209.30649405961
17.5	642.622567321095	713.472239793711	824.558973521366	932.105825798796	1079.55967546042	1266.89033986154	1482.8242841864	1852.45462003272	2248.53904526467
17.75	640.793461440777	711.538793560078	822.805130456352	930.943863296305	1079.90210058286	1270.32834769879	1491.50055078627	1874.27757305787	2290.29605412462
18	638.981136142058	709.614980350201	821.048978232713	929.772625196627	1080.24472832783	1273.83457465767	1500.44326653022	1897.14900435838	2334.81071092446
