age	C0.4	C2	C10	C25	C50	C75	C90	C98	C99.6
6	907.982698808918	1102.42442967177	1353.37235582887	1550.65470156611	1769.84971059169	1989.04471961728	2186.32706535452	2437.27499151162	2631.71672237447
6.25	906.291603983168	1100.023964282	1350.05637157839	1546.61898350003	1765.01431600303	1983.40964850604	2179.97226042768	2430.00466772406	2623.7370280229
6.5	904.600509157417	1097.62349889224	1346.74038732791	1542.58326543395	1760.17892141437	1977.7745773948	2173.61745550084	2422.73434393651	2615.75733367133
6.75	902.905955058553	1095.22035465956	1343.42273146344	1538.54666758544	1755.34352682563	1972.14038606583	2167.26432218783	2415.46669899171	2607.78109859272
7	901.200090328015	1092.8084515333	1340.09960999734	1534.50719315196	1750.50813223739	1966.50907132281	2160.91665447743	2408.20781294147	2599.81617414676
7.25	899.482754506	1090.3876652544	1336.77094539147	1530.46480132494	1745.6727376503	1960.88067397566	2154.57452990913	2400.9578100462	2591.86272079461
7.5	897.754006495147	1087.95804143694	1333.43676610958	1526.41950708545	1740.8373430652	1955.25517904494	2148.23792002081	2393.71664469345	2583.92067963524
7.75	896.013901330412	1085.51962269987	1330.09709874649	1522.37132443092	1736.00194848291	1949.6325725349	2141.90679821933	2386.48427426594	2575.9899956354
8	894.262491354377	1083.07244957716	1326.75196859583	1518.32026667386	1731.16655390402	1944.01284113419	2135.58113921221	2379.26065823089	2568.07061645367
8.25	892.499767936587	1080.61651024753	1323.40135971825	1514.26631463746	1726.33113655471	1938.39595847196	2129.26091339118	2372.04576286189	2560.16250517284
8.5	890.725962301675	1078.15199916074	1320.04541910156	1510.20957799742	1721.49576465419	1932.78195131096	2122.94611020683	2364.83953014764	2552.26556700671
8.75	888.940954845235	1075.67880835194	1316.68405380303	1506.14997562063	1716.66037019067	1927.17076476072	2116.63668657832	2357.64193202941	2544.37978553611
9	887.14485980028	1073.19703137137	1313.31733067955	1502.08755337903	1711.82497572033	1921.56239806163	2110.3326207611	2350.45292006929	2536.50509164038
9.25	885.337725748332	1070.70670580299	1309.94527312156	1498.02232350483	1706.98958107776	1915.9568386507	2104.03388903396	2343.27245635254	2528.6414364072
9.5	883.519598769805	1068.20786739571	1306.56790354405	1493.95429793059	1702.15418654879	1910.35407516698	2097.74046955352	2336.10050570187	2520.78877432777
9.75	881.690511568796	1065.70054144588	1303.18523768288	1489.88348487621	1697.31879200252	1904.75409912883	2091.45234632216	2328.93704255917	2512.94707243625
10	879.850490523224	1063.18474839567	1299.79728831947	1485.80989110063	1692.48339750649	1899.15690391234	2085.1695066935	2321.78204661731	2505.11630448975
10.25	877.999559687675	1060.66050692758	1296.40406720311	1481.73352290257	1687.64800330346	1893.56248370434	2078.89193940381	2314.63549967934	2497.29644691924
10.5	876.137738306642	1058.12783187926	1293.00558348392	1477.65438496095	1682.81260910449	1887.97083324802	2072.61963472505	2307.49738632972	2489.48747990233
10.75	874.265048782751	1055.58674043167	1289.60184760375	1473.57248241966	1677.97721416706	1882.38194591445	2066.35258073037	2300.36768790244	2481.68937955137
11	872.381518097814	1053.03725376944	1286.19287326534	1469.48782309956	1673.14181977684	1876.79581645412	2060.09076628835	2293.24638578424	2473.90212145587
11.25	870.487172258115	1050.47939191808	1282.77867277535	1465.40041323917	1668.30642543021	1871.21243762124	2053.83417808506	2286.13345894233	2466.1256786023
11.5	868.582030066528	1047.91316943655	1279.35925521554	1461.31025761432	1663.47103111879	1865.63180462326	2047.58280702205	2279.02889280103	2458.36003217106
11.75	866.666106844133	1045.33859818948	1275.93462798961	1457.21736012178	1658.63563684291	1860.05391356403	2041.33664569621	2271.93267549633	2450.60516684168
12	864.739432574425	1042.7557013955	1272.5048055854	1453.12172838571	1653.80024260064	1854.47875681558	2035.09567961588	2264.84478380579	2442.86105262686
12.25	862.802055433198	1040.16451636054	1269.06981128013	1449.02337465463	1648.96484838689	1848.90632211915	2028.85988549365	2257.76518041324	2435.12764134059
12.5	860.854023670731	1037.56508045193	1265.62966839551	1444.92231120835	1644.12945421305	1843.33659721775	2022.62924003058	2250.69382797416	2427.40488475537
12.75	858.895382939992	1034.95742902017	1262.18439898559	1440.81854964791	1639.29406006614	1837.76957048437	2016.40372114669	2243.63069111211	2419.69273719229
13	856.92617794096	1032.34159668973	1258.73402467132	1436.71210137157	1634.45866598626	1832.20523060096	2010.1833073012	2236.57573528279	2411.99115403156
13.25	854.946451126694	1029.71761630628	1255.27856589902	1432.60297707791	1629.62327184156	1826.64356660521	2003.96797778411	2229.52892737684	2404.30009255643
13.5	852.956244130886	1027.08552015077	1251.81804287889	1428.49118748775	1624.78787780945	1821.08456813114	1997.75771274001	2222.49023546812	2396.61951148801
13.75	850.955605306659	1024.44534564374	1248.35247892181	1424.37674481968	1619.95248378417	1815.52822274865	1991.55248864652	2215.45962192459	2388.94936226167
14	848.944591168248	1021.79713655437	1244.8819013481	1420.25966346277	1615.11708978722	1809.97451611168	1985.35227822634	2208.43704302007	2381.2895884062
14.25	846.923260258621	1019.14093821772	1241.40633844661	1416.13995830498	1610.28169581727	1804.42343332957	1979.15705318794	2201.42245341682	2373.64013137593
14.5	844.891676395342	1016.47680005356	1237.92582105518	1412.01764557604	1605.44630187333	1798.87495817061	1972.96678269147	2194.41580369309	2366.00092735131
14.75	842.849901481214	1013.80476999888	1234.44037908645	1407.89274101875	1600.61090795447	1793.32907489019	1966.78143682249	2187.41704591007	2358.37191442773
15	840.797977700833	1011.12488071528	1230.95003291158	1403.76525534216	1595.77551403445	1787.78577272674	1960.60099515732	2180.42614735362	2350.75305036807
15.25	838.735938448024	1008.4371581857	1227.45479894893	1399.63519744546	1590.94012065811	1782.24504387077	1954.42544236729	2173.44308313052	2343.1443028682
15.5	836.66381466787	1005.74162603954	1223.95469138624	1395.50257409383	1586.10472634365	1776.70687859347	1948.25476130106	2166.46782664776	2335.54563801943
15.75	834.58163959762	1003.03831033537	1220.44972701725	1391.36739479749	1581.26933250873	1771.17127021997	1942.0889380002	2159.50035468208	2327.95702541983
16	832.489444922033	1000.32723550647	1216.9399209164	1387.22966727342	1576.43393869569	1765.63821011796	1935.92795647498	2152.54064188491	2320.37843246935
16.25	830.387263610734	997.608427082735	1213.4252890118	1383.08939990133	1571.59854489742	1760.1076898935	1929.77180078303	2145.5886627121	2312.8098261841
16.5	828.275128119932	994.881910197538	1209.90584698595	1378.94660093392	1566.76315111153	1754.57970128915	1923.62045523712	2138.64439202553	2305.25117410314
16.75	826.15306642735	992.14770651606	1206.38160835701	1374.80127748456	1561.92775733527	1749.05423718598	1917.47390631354	2131.70780815449	2297.7024482432
17	824.021104344413	989.405836025882	1202.85258559626	1370.65343611563	1557.09236356574	1743.53129101586	1911.33214153523	2124.77889110561	2290.16362278708
17.25	821.879262973137	986.656315067767	1199.31878889955	1366.50308219216	1552.25696980062	1738.01085740908	1905.19515070168	2117.85762453347	2282.63467662809
17.5	819.727558442269	983.899156131348	1195.78022605986	1362.35021981484	1547.42157603819	1732.49293226154	1899.06292601652	2110.94399594503	2275.11559363411
17.75	817.5660189397	981.134381044871	1192.23691069762	1358.19485615156	1542.58618227709	1726.97750840261	1892.93545385655	2104.0379835093	2267.60634561447
18	815.395108188308	978.362348912747	1188.68906689588	1354.03710913853	1537.75078851667	1721.46446789481	1886.81251013745	2097.13922812059	2260.10646884503
