age	C0.4	C2	C10	C25	C50	C75	C90	C98	C99.6
5	387.512974857383	396.32567386585	407.699407941389	416.64085237799	426.575446305583	436.510040233176	445.451484669777	456.825218745316	465.637917753783
5.25	386.408707977673	395.778979607601	407.872321004144	417.379483685448	427.942631654662	438.505779623875	448.012942305179	460.106283701722	469.47655533165
5.5	385.304441097962	395.232285349352	408.045234066899	418.118114992905	429.30981700374	440.501519014575	450.574399940581	463.387348658128	473.315192909518
5.75	384.200174218252	394.685591091102	408.218147129654	418.856746300363	430.677002352818	442.497258405274	453.135857575983	466.668413614535	477.153830487385
6	383.095907338541	394.138896832853	408.391060192409	419.595377607821	432.044187701897	444.492997795973	455.697315211385	469.949478570941	480.992468065253
6.25	381.991640458831	393.592202574603	408.563973255163	420.334008915278	433.411373050975	446.488737186672	458.258772846787	473.230543527347	484.83110564312
6.5	380.88737357912	393.045508316354	408.736886317918	421.072640222736	434.778558400054	448.484476577371	460.820230482189	476.511608483753	488.669743220987
6.75	379.783096256249	392.498805970976	408.909794334257	421.811268874228	436.145743749132	450.480218624036	463.381693164008	479.792681527289	492.508391242015
7	378.647344645498	391.927730102595	409.067493126903	422.541892802551	437.512929098175	452.483965393799	465.958365069447	483.098128093755	496.378513550852
7.25	377.409928834318	391.277926012074	409.176065039468	423.246660902631	438.880114447072	454.513567991513	468.584163854676	486.48230288207	500.350300059826
7.5	376.072154996917	390.550405193831	409.23614125047	423.925905368198	440.247299795744	456.56869422329	471.258458341018	489.944194397657	504.422444594571
7.75	374.629517070003	389.741678176136	409.245544308715	424.578480191085	441.614485144113	458.650490097141	473.98342597951	493.48729211209	508.599453218223
8	373.088782456885	388.856985600498	409.20754440572	425.206106496424	442.981670492094	460.757234487765	476.755796578469	497.10635538369	512.874558527303
8.25	371.470825001591	387.912492061925	409.132228345113	425.814093041027	444.348855839594	462.88361863816	479.565483334074	500.785219617262	517.226886677596
8.5	369.806772195902	386.932302526314	409.034637769302	426.410356348772	445.716041186511	465.02172602425	482.39744460372	504.499779846708	521.62531017712
8.75	368.133671886995	385.945106651643	408.932675195886	427.004318642602	447.083226532748	467.162134422894	485.233777869609	508.221346413852	526.032781178501
9	366.493776065935	384.983624157545	408.846757924969	427.606725693467	448.450411878204	469.294098062941	488.05406583144	511.917199598864	530.407047690474
9.25	364.959558742485	384.103978535991	408.811907350149	428.236009511147	449.817597222824	471.399184934502	490.823287095499	515.531215909658	534.675635703163
9.5	363.628897803873	383.381965908047	408.875420702885	428.917062966641	451.184782566563	473.452502166484	493.49414443024	518.987599225079	538.740667329252
9.75	362.612510689571	382.903325276514	409.090799632127	429.678044360241	452.551967909393	475.425891458545	496.013136186659	522.200610542272	542.491425129215
10	362.027394344579	382.758658460248	409.514580213031	430.548709032436	453.919153251281	477.289597470125	498.323726289531	525.079648042314	545.810912157983
10.25	361.970247001918	383.022848062306	410.19348963638	431.553649837757	455.286338592203	479.019027346649	500.379187548026	527.5498291221	548.602430182487
10.5	362.469239563503	383.717709480968	411.141140840774	432.700031363104	456.653523932164	480.607016501225	502.165907023555	529.589338383361	550.837808300825
10.75	363.521974892417	384.841386386016	412.356375465096	433.987243954748	458.020709271182	482.054174587616	503.685043077268	531.200032156348	552.519443649947
11	365.117606381308	386.385479221769	413.833952136522	435.41252904071	459.387894609267	483.363260177824	504.941837082013	532.390309996765	553.658182837226
11.25	367.231218387036	388.330693445226	415.561830945185	436.969549930366	460.755079946437	484.540609962508	505.948328947689	533.179466447648	554.278941505838
11.5	369.79523997304	390.624702478511	417.507359794506	438.641121591884	462.122265282716	485.603408973549	506.737170770927	533.619828086922	554.449290592393
11.75	372.697663860045	393.180768473665	419.616413750206	440.398757685452	463.489450618141	486.580143550829	507.362487486075	533.798132762616	554.281237376237
12	375.828486748983	395.913705454463	421.835836255219	442.214481535113	464.856635952747	487.498790370382	507.877435650276	533.799566451032	553.884785156512
12.25	379.082436289778	398.741991066696	424.114756874461	444.061519667249	466.223821286571	488.386122905894	508.332885698681	533.705651506446	553.365206283365
12.5	382.357015508334	401.586252192718	426.403646309282	445.913804457934	467.591006619654	489.268208781373	508.778366930026	533.59576104659	552.824997730974
12.75	385.544977580733	404.363437456164	428.650680005662	447.744060273944	468.958191952047	490.172323630151	509.265703898433	533.55294644793	552.371406323362
13	388.544198360762	406.994462455346	430.806508825435	449.526314311113	470.325377283811	491.124440256509	509.844245742187	533.656292112277	552.10655620686
13.25	391.260253430392	409.406205417579	432.825504346485	451.236552004731	471.692562614999	492.148573225267	510.559620883513	533.978919812419	552.124871799606
13.5	393.604988053824	411.530399779129	434.665067826032	452.852353331982	473.059747945677	493.267142559372	511.454428065323	534.589096112226	552.51450783753
13.75	395.518645131666	413.320769956532	436.296323024105	454.35852052138	474.426933275912	494.495346030444	512.557543527719	535.533096595292	553.335221420158
14	396.963998260291	414.748488018636	437.701281139815	455.745585938464	475.794118605794	495.842651273123	513.886956071772	536.839749192951	554.624238951296
14.25	397.89720898546	415.779605697066	438.858758251315	457.002400333775	477.161303935411	497.320207537048	515.463849619507	538.543002173756	556.425398885362
14.5	398.263392628339	416.371620585219	439.742232603503	458.11500511805	478.528489264854	498.941973411657	517.314745926204	540.685357944488	558.793585901368
14.75	398.002370247275	416.477930427211	440.322624110873	459.068095234447	479.895674594201	500.723253953955	519.46872507753	543.313418761192	561.788978941128
15	397.056690293477	416.054045045836	440.572170637599	459.847059272444	481.262859923503	502.678660574562	521.953549209406	546.47167480117	565.469029553529
15.25	395.358359199151	415.047310579816	440.458015860315	460.434604714196	482.630045252798	504.8254857914	524.802074645281	550.21277992578	569.901731306445
15.5	392.817094641479	413.387812873213	439.936532928872	460.807770436621	483.99723058213	507.186690727638	528.057928235387	554.606648291047	575.177366522781
15.75	389.320422408098	410.98845248754	438.953371274348	460.937951346785	485.364415911535	509.790880476286	531.775460548723	559.74037933553	581.408409414973
16	384.814089877294	407.807216477889	437.482314568621	460.811349603792	486.731601241023	512.651852878254	535.980887913425	565.655986004158	588.649112604752
16.25	379.319522150556	403.860696330159	435.533715997813	460.433414163498	488.098786570571	515.764158977644	540.66385714333	572.336876810983	596.878050990587
16.5	372.878793454221	399.181474103933	433.12790696136	459.814845586755	489.465971900156	519.117098213557	545.804036838952	579.750469696379	606.053150346091
16.75	365.559225032986	393.82168301702	430.297418898007	458.972765402319	490.833157229756	522.693549057193	551.368895561504	587.844631442492	616.107089426525
17	357.436942891237	387.840274646826	427.079037943543	457.926534416411	492.20034255935	526.474150702289	557.321647175157	596.560410471875	626.963742227464
17.25	348.501950228602	381.229507523721	423.467933374759	456.673610184873	493.567527888934	530.461445592994	563.667122403108	605.905548254146	638.633105549265
17.5	338.724337436812	373.966219804372	419.449652063313	455.206385922939	494.934713218507	534.663040514074	570.419774373701	615.903206632642	651.145089000201
17.75	328.08197722644	366.033276232224	415.013501506948	453.519234090236	496.301898548069	539.084563005903	577.59029558919	626.570520863914	664.521819869698
18	316.992261513924	357.753902912089	410.361176722278	451.718308215838	497.669083877626	543.619859539414	584.976991032974	637.584264843162	678.345906241327
18.25	305.902454516907	349.474458901717	405.708807826478	449.917359125437	499.036269207182	548.155179288928	592.363730587886	648.598079512648	692.170083897458
18.5	294.81264751989	341.195014891344	401.056438930679	448.116410035036	500.403454536739	552.690499038442	599.750470142799	659.611894182134	705.994261553588
18.75	283.722840522873	332.915570880972	396.404070034879	446.315460944635	501.770639866296	557.225818787956	607.137209697712	670.62570885162	719.818439209718
19	272.633033525856	324.636126870599	391.75170113908	444.514511854234	503.137825195852	561.761138537471	614.523949252625	681.639523521106	733.642616865849
19.25	261.543226528839	316.356682860227	387.09933224328	442.713562763833	504.505010525409	566.296458286985	621.910688807538	692.653338190591	747.466794521979
19.5	250.453419531822	308.077238849854	382.44696334748	440.912613673433	505.872195854966	570.831778036499	629.297428362451	703.667152860077	761.290972178109
19.75	239.363612534805	299.797794839482	377.794594451681	439.111664583032	507.239381184523	575.367097786013	636.684167917364	714.680967529563	775.11514983424
20	228.273805537789	291.51835082911	373.142225555881	437.310715492631	508.606566514079	579.902417535528	644.070907472277	725.694782199049	788.93932749037
