age	C0.4	C2	C10	C25	C50	C75	C90	C98	C99.6
5	66.8608784689151	94.2546993003969	129.609365691576	157.403385053358	188.284558440142	219.165731826926	246.959751188707	282.314417579887	309.708238411369
5.25	70.9010741936796	98.0284820855152	133.039313979805	160.563028353892	191.143873274913	221.724718195934	249.248432570021	284.259264464311	311.386672356146
5.5	74.9412699184442	101.802264870633	136.469262268033	163.722671654426	194.003188109684	224.283704564942	251.537113951335	286.204111348735	313.065106300924
5.75	78.9814656432088	105.576047655752	139.899210556261	166.88231495496	196.862502944455	226.84269093395	253.825795332649	288.148958233158	314.743540245701
6	83.0216613679734	109.34983044087	143.32915884449	170.041958255494	199.721817779226	229.401677302959	256.114476713963	290.093805117582	316.421974190479
6.25	87.0618570927379	113.123613225988	146.759107132718	173.201601556027	202.581132613997	231.960663671967	258.403158095276	292.038652002006	318.100408135256
6.5	91.1020528175025	116.897396011107	150.189055420946	176.361244856561	205.440447448768	234.519650040975	260.69183947659	293.98349888643	319.778842080034
6.75	95.1422478878434	120.671178289443	153.619003392939	179.520887990658	208.299762283539	237.07863657642	262.980521174139	295.928346277636	321.457276679235
7	99.1804884051331	124.44344697218	157.048006872262	182.68003403152	211.15907711833	239.63812020514	265.270147364398	297.87470726448	323.137665831527
7.25	103.214795745587	128.212669823479	160.475109734633	185.838179764129	214.018391953193	242.198604142258	267.561674171754	299.824114082908	324.8219881608
7.5	107.250926835356	131.983304976679	163.90309388185	188.996789323299	216.877706788159	244.758624253018	269.852319694468	301.772108599639	326.504486740962
7.75	111.294135443801	135.759420923147	167.334498076796	192.157198878102	219.737021623259	247.316844368416	272.139545169723	303.714622323371	328.179907802718
8	115.349133449232	139.544666516673	170.771599226002	195.320606780736	222.596336458525	249.872066136315	274.421073691049	305.648006400378	329.843539467819
8.25	119.419720932609	143.34198451997	174.216233630961	198.487979489817	225.455651293987	252.423323098157	276.695068957013	307.569318068003	331.491581655364
8.5	123.509269172762	147.153985633641	177.670030384423	201.660174408519	228.314966129672	254.969757850825	278.95990187492	309.475946625703	333.120663086581
8.75	127.620917663348	150.983101065067	181.134506574303	204.837989991069	231.174280965609	257.51057194015	281.214055356916	311.365460866151	334.727644267871
9	131.75748229665	154.831511426429	184.611022915612	208.022142391519	234.033595801827	260.045049212135	283.456168688042	313.235680177225	336.309709307004
9.25	135.916612427075	158.697396390144	188.098443513086	211.212033780072	236.892910638327	262.573787496582	285.687377763568	315.08842488651	337.869208849579
9.5	140.092185898634	162.576014990808	191.59380997604	214.406107134555	239.752225475093	265.098343815632	287.910640974146	316.928435959378	339.412265051552
9.75	144.27779733656	166.462406939887	195.094027054846	217.602733402952	242.611540312106	267.620347221259	290.129053569366	318.760673684324	340.945283287652
10	148.467550562001	170.352006267486	198.596245557057	220.800413034903	245.470855149346	270.141297263789	292.345464741635	320.589704031205	342.474159736691
10.25	152.652983323219	174.238259850359	202.096376294685	223.996993861522	248.330169986783	272.663346112044	294.563963678881	322.422080123207	344.007356650347
10.5	156.817937673555	178.108655059582	205.586611312651	227.188366500207	251.189484824355	275.190603148503	296.792358336059	324.270314589128	345.561031975154
10.75	160.94460444525	181.949400569292	209.05834474136	230.370001620235	254.048799661987	277.727597703739	299.039254582614	326.148198754681	347.152994878724
11	165.016215131295	185.747510935842	212.503473586523	233.537634557752	256.908114499606	280.27859444146	301.312755412689	328.068718063371	348.800013867917
11.25	169.016965200929	189.490747213714	215.914360673138	236.687245812924	259.767429337139	282.847612861353	303.62049800114	330.044111460563	350.517893473349
11.5	172.932134337735	193.167710067286	219.28389274778	239.815091629595	262.626744174518	285.438396719441	305.969595601256	332.08577828175	352.321354011301
11.75	176.748123764901	196.767868675299	222.605498515173	242.91771348805	265.486059011676	288.054404535302	308.36661950818	334.204249348053	354.223994258451
12	180.451675585002	200.280956191705	225.872771402142	245.991739563003	268.345373848552	290.699008134101	310.817976294963	336.409791505399	356.239072112103
12.25	184.029708690054	203.696842675267	229.079390264931	249.033842991276	271.204688685079	293.375534378881	313.329987105226	338.71253469489	358.379668680103
12.5	187.471830748957	207.007480359424	232.220333249201	252.041380735002	274.064003521196	296.08662630739	315.907673793191	341.120526682968	360.656176293436
12.75	190.775039495653	210.210544305124	235.294149579103	255.013589240459	276.923318356858	298.833047473256	318.552487134613	343.636092408592	363.071597218062
13	193.93825645382	213.305199345962	238.300318105804	257.950194223271	279.782633192021	301.61507216077	321.264948278237	346.260067038079	365.627009930221
13.25	196.959628577644	216.290010492999	241.237943387634	260.850724406066	282.641948026642	304.433171647218	324.04595266565	348.993885560285	368.32426747564
13.5	199.836755619708	219.163119007248	244.105865560368	263.71456934399	285.501262860681	307.287956377372	326.896660160994	351.839406714113	371.165770101654
13.75	202.568609880062	221.923729043275	246.903588011706	266.541467666438	288.360577694131	310.179687721824	329.817567376556	354.797426344988	374.1525455082
14	205.155439852623	224.572033033464	249.631230820616	269.331482571841	291.21989252702	313.1083024822	332.808554233425	357.867752020577	377.284345201418
14.25	207.596845548186	227.107721228289	252.288600701556	272.084512332652	294.079207359379	316.073902386105	335.869814017202	361.050693490469	380.561569170571
14.5	209.891427104983	229.529709582163	254.875021203628	274.800200927941	296.938522191235	319.076843454528	339.002023178841	364.347334800306	383.985617277487
14.75	212.039934139165	231.838578593902	257.390854561568	277.478739004456	299.797837022626	322.116935040796	342.204819483684	367.75709545135	387.555739906087
15	214.047362354631	234.038196910343	259.838514834092	280.121397098588	302.657151853616	325.192906608644	345.475788873139	371.276106796889	391.266941352601
15.25	215.921140724252	236.134317489021	262.221591901033	282.730064589788	305.516466684277	328.302868778766	348.811341467521	374.898615879533	395.111792644302
15.5	217.668209780818	238.132315042041	264.543439614814	285.306506634596	308.375781514679	331.445056394762	352.208123414544	378.619247987317	399.08335324854
15.75	219.295601015754	240.037634719395	266.807455781525	287.852511522679	311.235096344893	334.617681167107	355.662736908261	382.432557970392	403.174591674033
16	220.812459724956	241.857358590139	269.018059654504	290.370405138688	314.094411174975	337.818417211262	359.170762695445	386.33146375981	407.376362624993
16.25	222.230175296175	243.600306536253	271.180754892709	292.863084097693	316.953726004964	341.044367912235	362.726697117219	390.307145473675	411.677276713753
16.5	223.560881644116	245.275874997475	273.301404930577	295.333634367174	319.813040834903	344.292447302631	366.324676739228	394.35020667233	416.06520002569
16.75	224.817414193458	246.894003659179	275.386212191062	297.785320326689	322.67235566483	347.559391002971	369.958499138599	398.450707670481	420.527297136203
17	226.01191511221	248.464095352415	277.441044096814	300.221230042738	325.531670494779	350.84211094682	373.622296892744	402.599245637142	425.051425877348
17.25	227.15133492923	249.991532530176	279.469259330594	302.643131214067	328.39098532475	354.138839435434	377.312711318907	406.790438119325	429.630635720271
17.5	228.241662010885	251.480952551876	281.473751632325	305.052546836684	331.25030015474	357.448053472797	381.026848677155	411.019647757604	434.258938298596
17.75	229.289421434997	252.937408403465	283.457674095365	307.451136406158	334.109614984743	360.768093563328	384.761555874121	415.281821566021	438.929808534489
18	230.317802569368	254.3788578094	285.432232446847	309.844797576784	336.968929814756	364.093062052728	388.505627182665	419.559001820112	443.620057060145
18.25	231.346179979125	255.820304331015	287.406788998495	312.238457800145	339.828244644769	367.418031489394	392.249700291043	423.836184958524	448.310309310414
18.5	232.374557388882	257.261750852629	289.381345550144	314.632118023506	342.687559474782	370.743000926059	395.993773399421	428.113368096935	453.000561560682
18.75	233.40293479864	258.703197374244	291.355902101792	317.025778246867	345.546874304795	374.067970362724	399.737846507799	432.390551235347	457.690813810951
19	234.431312208397	260.144643895858	293.33045865344	319.419438470227	348.406189134809	377.39293979939	403.481919616177	436.667734373759	462.38106606122
19.25	235.459689618154	261.586090417473	295.305015205088	321.813098693588	351.265503964822	380.717909236055	407.225992724555	440.94491751217	467.071318311489
19.5	236.488067027912	263.027536939087	297.279571756737	324.206758916949	354.124818794835	384.04287867272	410.970065832933	445.222100650582	471.761570561758
19.75	237.516444437669	264.468983460702	299.254128308385	326.60041914031	356.984133624848	387.367848109386	414.714138941311	449.499283788994	476.451822812027
20	238.544821847426	265.910429982316	301.228684860033	328.994079363671	359.843448454861	390.692817546051	418.458212049689	453.776466927406	481.142075062295
