age	C0.4	C2	C10	C25	C50	C75	C90	C98	C99.6
6	49284.7013068414	54730.0259923402	61757.8020310233	67282.6779025195	73421.216107711	79559.7543129025	85084.6301843986	92112.4062230817	97557.7309085805
6.25	49226.6158868219	54632.5787664215	61609.5541692721	67094.493195083	73188.6586652601	79282.8241354371	84767.763161248	91744.7385640986	97150.7014436982
6.5	49168.5304668024	54535.1315405028	61461.306307521	66906.3084876466	72956.1012228092	79005.8939579717	84450.8961380974	91377.0709051156	96743.671978816
6.75	49110.4449103372	54437.6842089213	61313.0583798356	66718.1237455086	72723.5437803583	78728.963815208	84134.029180881	91009.4033517952	96336.6426503794
7	49051.9482582377	54339.9185270357	61164.6117996504	66529.8344511248	72490.9863378758	78452.1382246268	83817.3608761012	90642.054148716	95930.0244175139
7.25	48992.1390978495	54241.136445607	61015.5309800447	66341.2113519428	72258.4288952722	78175.6464386017	83501.3268104998	90275.7213449374	95524.718692695
7.5	48931.0634925573	54141.3736358683	60865.8381800636	66152.2661630358	72025.8714525029	77899.4767419699	83185.9047249422	89910.3692691375	95120.6794124485
7.75	48868.7208995796	54040.6296774797	60715.5331373918	65962.9987463193	71793.3140095122	77623.6292727051	82871.0948816327	89545.9983415448	94717.9071194448
8	48805.1262230964	53938.9161121556	60564.6230541207	65773.4128922964	71560.7565662813	77348.1002402663	82556.890078442	89182.5970204071	94316.3869094663
8.25	48740.2863910761	53836.2383048854	60413.1112780475	65583.5103629518	71328.1991228418	77072.8878827319	82243.2869676361	88820.1599407982	93916.1118546075
8.5	48674.2106494133	53732.603415653	60261.0022770647	65393.2935097937	71095.6416792458	76797.9898486979	81930.2810814269	88458.6799428386	93517.0727090783
8.75	48606.9083712039	53628.018702947	60108.3005805327	65202.7647166829	70863.0842355479	76523.403754413	81617.8678905632	88098.1497681489	93119.2600998919
9	48538.3886883906	53522.4912385084	59955.0106012815	65011.9263061502	70630.5267918048	76249.1272774593	81306.0429823281	87738.5623451011	92722.6648952189
9.25	48468.6606450009	53416.0280260229	59801.1367097162	64820.7805784511	70397.9693481855	75975.1581179198	80994.8019866548	87379.9106703481	92327.27805137
9.5	48397.7332184017	53308.6360175746	59646.6832440766	64629.3298169555	70165.4119049501	75701.4939929446	80684.1405658235	87022.1877923255	91933.0905914984
9.75	48325.6153095141	53200.3221060512	59491.6545056676	64437.5762855989	69932.8544623692	75428.1326391395	80374.0544190708	86665.3868186872	91540.0936152243
10	48252.3157553385	53091.0931348402	59336.0547649048	64245.5222320595	69700.2970207123	75155.0718093651	80064.5392765197	86309.5009065843	91148.278286086
10.25	48177.8433127978	52980.9558853155	59179.8882535047	64053.1698836436	69467.739580241	74882.3092768385	79755.5909069774	85954.5232751665	90757.6358476843
10.5	48102.2066406852	52869.9170628549	59023.1591557522	63860.5214426831	69235.1821411934	74609.8428397037	79447.2051266347	85600.4472195319	90368.1576417016
10.75	48025.4143207996	52757.9833132103	58865.8716187231	63667.5790919232	69002.6247038005	74337.6703156778	79139.3777888779	85247.2660943907	89979.8350868014
11	47947.4748743101	52645.1612351825	58708.0297601955	63474.3449986895	68770.0672682939	74065.7895378982	78832.1047763922	84894.9733014053	89592.6596622777
11.25	47868.3967525525	52531.4573734934	58549.6376642014	63280.8213125462	68537.5098349034	73794.1983572606	78525.3820056054	84543.5622963135	89206.6229172544
11.5	47788.1883222681	52416.878207353	58390.699373889	63087.0101615351	68304.9524038486	73522.8946461621	78219.2054338082	84193.0266003442	88821.716485429
11.75	47706.8578485041	52301.4301372168	58231.2188832582	62892.9136478245	68072.3949753358	73251.876302847	77913.5710674133	83843.3598134547	88437.9321021674
12	47624.4135450476	52185.1195238452	58071.2001615393	62698.5338605469	67839.837549572	72981.141238597	77608.4749376047	83494.5555752988	88055.2615540964
12.25	47540.8635614346	52067.9526782424	57910.6471469141	62503.8728724933	67607.2801267636	72710.6873810339	77303.9131066131	83146.6075752848	87673.6966920927
12.5	47456.2159831287	51949.9358617955	57749.5637466029	62308.932740159	67374.7227071163	72440.5126740736	76999.8816676298	82799.5095524371	87293.2294311039
12.75	47370.4788237879	51831.0752802849	57587.9538331259	62113.7155017755	67142.1652908334	72170.6150798914	76696.3767485409	82453.255301382	86913.851757879
13	47283.6600333251	51711.3770901268	57425.8212481998	61918.2231793612	66909.6078781169	71900.9925768725	76393.3945080339	82107.8386661069	86535.5557229086
13.25	47195.7675054809	51590.8474042382	57263.1698063972	61722.4577806491	66677.0504691693	71631.6431576895	76090.9311319414	81763.2535341004	86158.3334328577
13.5	47106.8090775162	51469.4922917973	57100.0032949958	61526.4212990041	66444.4930641883	71362.5648293725	75788.9828333809	81419.4938365794	85782.1770508605
13.75	47016.792536984	51347.3177834692	56936.3254772084	61330.1157150847	66211.935663285	71093.7556114854	75487.5458493616	81076.5535431008	85407.078789586
14	46925.7256209656	51224.3298708152	56772.1400918153	61133.5429966505	65979.3782664868	70825.2135363232	75186.6164411583	80734.4266621585	85033.0309120081
14.25	46833.6160112108	51100.5345025475	56607.4508508575	60936.7050973869	65746.8208738181	70556.9366502494	74886.1908967787	80393.1072450887	84660.0257364254
14.5	46740.4713344522	50975.937584775	56442.2614397947	60739.6039569932	65514.2634853119	70288.9230136306	74586.2655308291	80052.5893858488	84288.0556361716
14.75	46646.2991670824	50850.5449846042	56276.5755197157	60542.241502301	65281.7061009138	70021.1706995265	74286.8366821119	79712.8672172234	83917.1130347451
15	46551.1070561677	50724.3625463993	56110.3967374653	60344.6196525783	65049.1487204285	69753.6777882788	73987.9007033918	79373.9348944577	83547.1903846893
15.25	46454.9024972231	50597.396074585	55943.7287149343	60146.74031392	64816.5913435775	69486.4423732351	73689.4539722207	79035.78661257	83178.2801899319
15.5	46357.6929316909	50469.6513317143	55776.5750478892	59948.6053786764	64584.0339700919	69219.4625615074	73391.4928922946	78698.4166084695	82810.3750084929
15.75	46259.4857476179	50341.1340389904	55608.9393062922	59750.2167256151	64351.476599699	68952.736473783	73094.0138931058	78361.8191604077	82443.4674517802
16	46160.2882992478	50211.8498914185	55440.8250437234	59551.5762248375	64118.9192320337	68686.26223923	72797.0134203441	78025.988572649	82077.5501648197
16.25	46060.1079078882	50081.8045584787	55272.235797802	59352.685738004	63886.3618666441	68420.0379952841	72500.4879354861	77690.9191748094	81712.6158253999
16.5	45958.9518375837	49951.0036653062	55103.175078475	59153.547112209	63653.8045030747	68154.0618939403	72204.4339276744	77356.6053408432	81348.6571685657
16.75	45856.8273024385	49819.4527983628	54933.6463715566	58954.1621818461	63421.2471408708	67888.3320998954	71908.847910185	77023.0414833788	80985.6669793031
17	45753.7414613379	49687.1575013593	54763.6531362016	58754.5327672991	63188.6897796229	67622.8467919466	71613.7264230442	76690.2220578865	80623.6380979078
17.25	45649.7013292338	49554.1232065838	54593.1987621008	58554.6606524741	62956.1324190934	67357.6041857128	71319.0660760861	76358.1416316031	80262.5635089531
17.5	45544.7136928258	49420.3551695765	54422.2865286685	58354.5475632569	62723.5750590855	67092.6025549141	71024.8635895025	76026.7949485946	79902.4364253452
17.75	45438.7860400798	49285.859188934	54250.9200541894	58154.195403883	62491.0176994015	66827.8399949199	70731.1153446135	75696.1762098689	79543.2493587232
18	45332.3806035072	49150.9932150315	54079.322701747	57953.7217318333	62258.460339816	66563.1989477988	70437.5979778851	75365.9274646006	79184.5400761249
