age	C0.4	C2	C10	C25	C50	C75	C90	C98	C99.6
6	92752.6165978782	97784.4868162746	104278.655482614	109384.036697466	115056.485883361	120728.935069256	125834.316284109	132328.484950448	137360.355168844
6.25	92322.7575184816	97368.2237336809	103879.939493366	108999.115330031	114686.891342265	120374.667354498	125493.843191164	132005.558950848	137051.025166048
6.5	91892.898439085	96951.9606510872	103481.223504117	108614.193962596	114317.296801168	120020.39963974	125153.370098219	131682.632951249	136741.695163251
6.75	91463.0393425562	96535.6975552264	103082.507506591	108229.272590804	113947.702260072	119666.13192934	124812.897013553	131359.706964917	136432.365177587
7	91033.1286236699	96119.3944832651	102683.766563708	107844.338090054	113578.107718894	119311.877347734	124472.44887408	131036.820954523	136123.086814118
7.25	90603.0524316075	95702.9632696733	102284.945659562	107459.361504965	113208.513177391	118957.664849817	124132.08069522	130714.063085109	135813.973923175
7.5	90172.8149328848	95286.4071409449	101886.046807447	107074.343895079	112838.918635413	118603.493375748	123791.790463379	130391.430129882	135505.022337942
7.75	89742.4144895798	94869.7248286436	101487.069215788	106689.284843702	112469.324092791	118249.36334188	123451.578969793	130068.923356938	135196.233696002
8	89311.851388646	94452.9165549597	101088.013023191	106304.184423732	112099.729549414	117895.274675095	123111.446075636	129746.542543867	134887.607710181
8.25	88881.1249153148	94035.9817663742	100688.877884248	105919.042453365	111730.135005254	117541.227557144	122771.392126261	129424.288244134	134579.145095194
8.5	88450.2346452725	93618.9201343025	100289.663593922	105533.858824693	111360.540460321	117187.22209595	122431.417326721	129102.16078634	134270.84627537
8.75	88019.1801778602	93201.731348479	99890.3699586094	105148.633435826	110990.945914626	116833.258393425	122091.521870642	128780.160480772	133962.711651391
9	87587.9610892692	92784.4150807114	99490.996773522	104763.366178989	110621.35136818	116479.336557371	121751.705962838	128458.287655649	133654.741647091
9.25	87156.576922264	92366.97097696	99091.5438178053	104378.056938031	110251.756821167	116125.456704304	121411.969824529	128136.542665374	133346.93672007
9.5	86725.027193587	91949.398663063	98692.0108580969	103992.705590278	109882.162273898	115771.618957518	121072.3136897	127814.925884733	133039.297354209
9.75	86293.3114144534	91531.6977605829	98292.3976583745	103607.312011669	109512.567726705	115417.823441741	120732.737795036	127493.437692827	132731.824038957
10	85861.4290953209	91113.8678904948	97892.7039822477	103221.876077944	109142.973179916	115064.070281888	120393.242377585	127172.078469338	132424.517264512
10.25	85429.3797412857	90695.9086696184	97492.9295907276	102836.39766347	108773.378633845	114710.359604219	120053.827676962	126850.848598071	132117.377526404
10.5	84997.1628453124	90277.819705369	97093.0742389403	102450.876639497	108403.784088761	114356.691538024	119714.493938581	126529.748472152	131810.405332209
10.75	84564.7778951358	89859.600601109	96693.1376794779	102065.312875933	108034.18954492	114003.066213907	119375.241410362	126208.778488731	131503.601194704
11	84132.2243767292	89441.2509588369	96293.1196640819	101679.70624224	107664.59500258	113649.48376292	119036.070341078	125887.939046323	131196.96562843
11.25	83699.5017746906	89022.7703794844	95893.0199438253	101294.056607523	107295.00046199	113295.944316458	118696.980980155	125567.230544496	130890.49914929
11.5	83266.6095768816	88604.1584664964	95492.8382713257	100908.363841673	106925.405923339	112942.448005004	118357.973575352	125246.653380181	130584.202269796
11.75	82833.5472748684	88185.4148261698	95092.574400952	100522.627815466	106555.811386737	112588.994958008	118019.048372521	124926.207947304	130278.075498605
12	82400.3143586335	87766.5390635756	94692.2280863096	100136.848399275	106186.2168523	112235.585305324	117680.20561829	124605.894641024	129972.119345966
12.25	81966.9103157766	87347.5307819393	94291.799079851	99751.0254628701	105816.62232014	111882.21917741	117341.445560429	124285.71385834	129666.334324503
12.5	81533.3346457947	86928.3895936952	93891.2871397688	99365.1588790297	105447.027790353	111528.896701676	117002.768440936	123965.66598701	129360.720934911
12.75	81099.5868859662	86509.1151405239	93490.6920424855	98979.2485301038	105077.433262981	111175.617995857	116664.174483476	123645.751385437	129055.279639995
13	80665.6665851397	86089.7070730619	93090.0135700057	98593.2943013721	104707.838738049	110822.383174726	116325.663906092	123325.970403036	128750.010890958
13.25	80231.5732902963	85670.1650404995	92689.2515034321	98207.2960776398	104338.244215584	110469.192353529	115987.236927736	123006.323390669	128444.915140872
13.5	79797.3065472271	85250.4886911049	92288.4056232904	97821.2537434066	103968.649695609	110116.045647811	115648.893767927	122686.810700113	128139.992843991
13.75	79362.8658990589	84830.6776710648	91887.4757087766	97435.167182434	103599.055178064	109762.943173694	115310.634647351	122367.432685063	127835.244457069
14	78928.2508862645	84410.7316244927	91486.4615377646	97049.0362777509	103229.460662814	109409.885047876	114972.459787862	122048.189701134	127530.670439363
14.25	78493.4610480968	83990.6501945574	91085.362887537	96662.8609120737	102859.866149718	109056.871387363	114634.3694119	121729.082104879	127226.27125134
14.5	78058.4959223137	83570.43302327	90684.1795346555	96276.6409677404	102490.271638642	108703.902309543	114296.363742628	121410.110254014	126922.04735497
14.75	77623.355048931	83150.0797543847	90282.9112567596	95890.3763276447	102120.677129422	108350.9779312	113958.443002085	121091.27450446	126617.999209914
15	77188.0379727401	82729.5900353451	89881.5578337764	95504.0668758652	101751.082621859	107998.098367853	113620.607409941	120772.575208373	126314.127270978
15.25	76752.5442407459	82308.9635153035	89480.1190466903	95117.712497026	101381.488115726	107645.263734426	113282.857184762	120454.012716149	126010.431990707
15.5	76316.8733985115	81888.199842296	89078.5946757903	94731.3130753863	101011.893610802	107292.474146219	112945.192545815	120135.587379309	125706.913823093
15.75	75881.0249921111	81467.2986647552	88676.9845016131	94344.8684953364	100642.299106867	106939.729718397	112607.61371212	119817.299548978	125403.573221622
16	75444.9985993746	81046.2596557101	88275.2883200528	93958.3786493606	100272.704603721	106587.030558082	112270.12088739	119499.149551733	125100.410608068
16.25	75008.7938284242	80625.0825116535	87873.5059416534	93571.8434376641	99903.1101011927	106234.376764721	111932.714260732	119181.137690732	124797.426373961
16.5	74572.4102882564	80203.7669297551	87471.6371773818	93185.2627606753	99533.5155991068	105881.768437538	111595.394020832	118863.264268459	124494.620909957
16.75	74135.8475875456	79782.3126069353	87069.6818380493	92798.6365187407	99163.9210972904	105529.20567584	111258.160356531	118545.529587645	124191.994607035
17	73699.1053172163	79360.7192263748	86667.639725903	92411.9646077114	98794.3265955952	105176.688583479	110921.013465287	118227.933964816	123889.547873974
17.25	73262.1829852056	78938.9864070108	86265.5106031382	92025.2469024045	98424.7320939695	104824.217285535	110583.953584801	117910.477780928	123587.281202733
17.5	72825.0800477376	78517.1137277399	85863.2942069729	91638.4832645024	98055.1375923848	104471.791920267	110246.980977797	117593.16145703	123285.195137032
17.75	72387.7961064169	78095.1008800399	85460.9903448763	91251.6735926607	97685.5430908112	104119.412588962	109910.095836746	117275.985301583	122983.290075206
18	71950.4195348102	77673.0162999329	85058.6417213289	90864.8403625459	97315.9485892344	103767.056815923	109573.25545714	116958.880878536	122681.477643659
