age	C0.4	C2	C10	C25	C50	C75	C90	C98	C99.6
6	69243.0544067052	69994.2708651969	71176.7071544801	72355.6249251023	74083.4230961749	76585.0918276611	80103.6413128694	88008.2808243017	98194.1512789469
6.25	69068.4120436591	69836.5324509614	71045.8969598932	72252.0378290328	74020.3910604917	76582.1991271874	80188.5427540226	88306.4589141525	98798.5362544709
6.5	68891.7025422376	69677.2634351699	70914.3421333703	72148.4095435093	73958.2000141276	76581.1833823182	80276.7581000985	88614.2076766571	99427.7089759038
6.75	68711.9270788459	69515.5702645136	70781.3320725779	72044.233575414	73896.6808890658	76582.430601012	80369.5160446883	88934.5426009082	100086.856709719
7	68528.1125775057	69350.5851916917	70646.1809194683	71939.0255888291	73835.6802397276	76586.3286472088	80468.0275427557	89270.4733581724	100781.320183372
7.25	68339.9262156287	69182.0333796746	70508.703675266	71832.6874394795	73775.2208209013	76593.0622266402	80572.6991208585	89623.1370778087	101514.004038326
7.5	68147.2334112692	69009.8257586204	70368.8750530264	71725.2462061459	73715.3841323195	76602.7486698834	80683.6610364932	89993.0211614514	102287.056987682
7.75	67949.8830000154	68833.8612855405	70226.6640180544	71616.7278966593	73656.2541719205	76615.5053289839	80801.026726347	90380.5665253352	103102.718296849
8	67747.7056290569	68654.025790837	70082.0331446452	71507.1570164137	73597.9166665348	76631.4466665193	80924.8830458087	90786.1344094713	103963.283034738
8.25	67540.4607710222	68470.1435383654	69934.8984985835	71396.5262360091	73540.445720125	76650.6998941476	81055.3489724054	91210.1357354786	104871.298725926
8.5	67327.7504245845	68281.8982820672	69785.0644065161	71284.7475895435	73483.8841211874	76673.4365574801	81192.6878871903	91653.2937289634	105829.963000901
8.75	67109.2395746987	68089.0369590785	69632.3943644495	71171.7822911974	73428.2972556304	76699.7867384058	81336.9897898084	92115.8490808882	106841.992425003
9	66884.5635209057	67891.2848996737	69476.7406893152	71057.5873827601	73373.749272592	76729.8655899832	81488.2717902872	92597.7664085801	107909.905848098
9.25	66653.3240616524	67688.3430162616	69317.9428289135	70942.1144906899	73320.3010541934	76763.7664661435	81646.4545620649	93098.6273074741	109035.841868732
9.5	66415.085692355	67479.8851103996	69155.8258353702	70825.3086279817	73268.0077250999	76801.5520560582	81811.3322880458	93617.4876600103	110221.29057502
9.75	66169.3705650235	67265.5541556894	68990.1980389505	70707.1062645571	73216.9152189972	76843.2434995136	81982.5365385014	94152.6935670332	111466.71046477
10	65915.6528577163	67044.9581821896	68820.848462315	70587.4330580541	73167.0559690728	76888.8068935633	82159.4921710803	94701.6423561007	112770.978008497
10.25	65653.3519913826	66817.6652735686	68647.5435772253	70466.200909753	73118.4434468566	76938.1369976266	82341.3651452369	95260.4780359064	114130.603646426
10.5	65381.8250802418	66583.1980824789	68470.0237816988	70343.3046299243	73071.0656073631	76991.037816744	82527.0015773545	95823.7078944974	115538.616485317
10.75	65100.3576951724	66341.0270493224	68287.9989095078	70218.6176155499	73024.8767709599	77047.199994983	82714.8595819024	96383.7346787211	116982.99144956
11	64808.153652356	66090.5631254861	68101.1436420185	70091.9874138118	72979.7887955604	77106.1761832669	82902.9375611308	96930.3092386096	118444.450866675
11.25	64504.3244773531	65831.1508079213	67909.0938026919	69963.232273178	72935.662876703	77167.3567982504	83088.70681478	97449.9362562979	119893.441336062
11.5	64187.8720061391	65562.0550147738	67711.4370909639	69832.1322309495	72892.2956842901	77229.9414080435	83269.0524956397	97925.3054345094	121286.076912798
11.75	63857.6694628213	65282.4474999807	67507.7044250867	69698.4213638526	72849.407458169	77292.9168477201	83440.2491453641	98334.9244450273	122558.977142129
12	63512.4401121018	64991.3922749056	67297.3618495797	69561.7816803187	72806.6338793372	77355.0488609123	83597.9990832519	98653.2552085401	123623.32923966
12.25	63150.7330749907	64687.8301667873	67079.8038896438	69421.8403905912	72763.5255841746	77414.8983641526	83737.5730486239	98851.8259562477	124359.579126192
12.5	62770.8946136108	64370.5615678692	66854.3484753652	69278.1719268199	72719.5597433322	77470.8761999735	83854.0988681905	98901.927129297	124616.529494318
12.75	62371.0323650525	64038.2258668356	66620.2333611379	69130.3062894511	72674.1691129614	77521.3522009321	83943.039739182	98779.4153111989	124222.920736321
13	61948.9754194336	63689.2819629346	66376.6204910664	68977.7523167609	72626.8014043456	77564.8397543333	84000.8841604494	98471.5419827912	123024.615468954
13.25	61502.2278613101	63321.9891311309	66122.6094139949	68820.038371033	72577.0130923897	77600.2570679442	84025.991398869	97984.3130455019	120957.962905023
13.5	61027.9112844049	62934.3854790953	65857.2580051195	68656.7679621542	72524.59012148	77627.2307307965	84019.4073757719	97347.075731954	118140.345036146
13.75	60522.6901676611	62524.2590058548	65579.6036897402	68487.6773673334	72469.663179487	77646.3409545928	83985.286281598	96610.2777543364	114899.770246171
14	59982.6639697887	62089.0952330762	65288.6630819966	68312.6594965052	72412.7444429417	77659.1254709747	83930.4189510784	95834.4651660283	111661.985949103
14.25	59403.2027071042	61625.9785610954	64983.3793085942	68131.7064440338	72354.5971623115	77667.65714489	83862.5401575431	95073.5237581073	108755.123774632
14.5	58778.7070712941	61131.4352674932	64662.5083621588	67944.7626749523	72295.9376780882	77673.760871237	83787.9110616321	94360.3022470953	106302.845981376
14.75	58102.2931672982	60601.240324515	64324.498247861	67751.5843744069	72237.1734707318	77678.4097628534	83709.8328564926	93703.9300632351	104267.214295289
15	57365.404082328	60030.2234943372	63967.4393247097	67551.7341516205	72178.4226354894	77681.8440320965	83629.3370688552	93099.912811144	102555.643178119
15.25	56557.2862031269	59412.0402210716	63589.0568235944	67344.662817483	72119.6997465694	77684.0552358097	83546.7136598519	92541.1268569976	101089.001637089
15.5	55664.2098391428	58738.8271636769	63186.6603836014	67129.7459475702	72061.0076073446	77685.0109167362	83462.1618253861	92021.4645412471	99811.7288128783
15.75	54668.2883274351	58000.6913406556	62757.0446737692	66906.2781127579	72002.3486952312	77684.681818015	83375.8659738941	91535.9249449617	98684.5200124892
16	53545.6478653331	57184.9622732627	62296.3524796745	66673.4588070344	71943.7253719766	77683.0424241864	83287.9978402256	91080.3720223323	97678.6795821221
16.25	52263.4718786624	56275.0678065247	61799.8895720854	66430.3751767888	71885.1399805192	77680.0710278927	83198.7171854935	90651.3500429503	96772.6889507254
16.5	50774.9713522771	55248.7811186441	61261.8693483937	66175.9805465527	71826.5948533983	77675.7496894462	83108.1724382899	90245.9451989885	95950.0443976147
16.75	49010.242236162	54075.3642317308	60675.0529931978	65909.0675814224	71768.0922731674	77670.0641107975	83016.5012634764	89861.6802123603	95197.8431077483
17	46858.1488573018	52710.6527274502	60030.2288894581	65628.2337598182	71709.6336850047	77663.0026983635	82923.8303007449	89496.4321752179	94505.8280866626
17.25	44126.3446974561	51088.0922301886	59315.4615252892	65331.8482035329	71651.224794464	77654.559587107	82830.2780322634	89148.3707863527	93865.7279798629
17.5	40481.373740372	49109.9883193621	58516.9432069858	65018.8463584561	71593.2875458836	77644.9740210486	82736.1188303454	88816.0192705766	93270.8742089602
17.75	35767.4594556829	46724.8698751378	57640.0490210182	64697.64488544	71540.5240933061	77636.4500548707	82642.4501197105	88498.0396748838	92715.226389025
18	31132.5687653098	44178.6235495784	56758.2774338107	64403.3038882803	71507.820729475	77634.5945738798	82550.4949288298	88190.8234272085	92189.8409258589
