age	C0.4	C2	C10	C25	C50	C75	C90	C98	C99.6
5	100.809599312009	119.111147287041	142.731259540816	161.300176301198	181.931590945408	202.563005589618	221.13192235	244.752034603776	263.053582578807
5.25	104.961855863265	123.334055657484	147.045351668088	165.685952405763	186.397013153079	207.108073900396	225.748674638071	249.459970648675	267.832170442894
5.5	109.114112414521	127.556964027928	151.359443795361	170.071728510328	190.862435360751	211.653142211173	230.365426926141	254.167906693574	272.610758306981
5.75	113.266368965777	131.779872398371	155.673535922633	174.457504614893	195.327857568422	216.198210521951	234.982179214211	258.875842738473	277.389346171067
6	117.418625517033	136.002780768815	159.987628049905	178.843280719458	199.793279776093	220.743278832729	239.598931502282	263.583778783372	282.167934035154
6.25	121.570880546823	140.225687727335	164.301718906629	183.229055664617	204.258700947846	225.288346231075	244.215682989063	268.291714168358	286.946521348869
6.5	125.722620414635	144.448116614354	168.615379561098	187.614438039857	208.723771361938	229.833104684018	248.832163162778	272.999426109521	291.724922309241
6.75	129.872077737675	148.668427294581	172.927134104575	191.998081042911	213.187287662761	234.376494282611	253.447441220947	277.706148030941	296.502497587848
7	134.017355886433	152.884844606551	177.235364143151	196.378489522452	217.647891630447	238.917293738442	258.060419117743	282.410938654343	301.278427374461
7.25	138.156868538511	157.095802112941	181.538528903326	200.754142880558	222.104085083604	243.45402728665	262.669641263882	287.112368054267	306.051301628697
7.5	142.289130908728	161.299801674148	185.835113010183	205.123512192793	226.5543240433	247.985135893807	267.273535076418	291.808846412453	310.819517177873
7.75	146.412658269912	165.495345189588	190.123601103313	209.485068529966	230.997064504438	252.509060478909	271.870527905562	296.498783819287	315.581470738964
8	150.525965894891	169.680934558678	194.402477822311	213.837282962884	235.430762461918	257.024241960952	276.459047101525	301.180590365158	320.335559028945
8.25	154.62720789977	173.854718270124	198.66988439312	218.178291007882	239.853547088287	261.528803168691	281.037209783453	305.852375906449	325.079886276803
8.5	158.713550703788	178.013877394445	202.923020795309	222.50530750985	244.262649744883	266.019991979917	285.602278694457	310.511422095321	329.811748785978
8.75	162.781068695862	182.154487317331	207.157963701011	226.814410152256	248.654149238846	270.493888325435	290.15033477668	315.15381116036	334.52722978183
9	166.822900171494	186.269687346121	211.367853723447	231.09874057494	253.021188350657	274.943636126375	294.674522977868	319.772689355194	339.21947652982
9.25	170.831879284574	190.352312681805	215.545527415005	235.351136392687	257.356605875509	279.36207535833	299.167684336012	324.360899069213	343.881332466444
9.5	174.800852849425	194.395211165921	219.683833942954	239.564447814989	261.653253180872	283.742058546756	303.622672418791	328.911295195823	348.50565351232
9.75	178.722631854968	198.391194821822	223.775586665689	243.731489249782	265.903945840805	288.076402431827	308.032305015921	333.416696859788	353.085259826642
10	182.589960305608	202.333008692994	227.813531967744	247.845008135864	270.101432465464	292.357856795064	312.389332963184	337.869856237935	357.61290462532
10.25	186.395483707611	206.213299332297	231.790317752724	251.897653438723	274.238363200171	296.579072961619	316.686408647619	342.263427068046	362.081242692732
10.5	190.131849512587	210.024715241439	235.698593877595	255.882076080765	278.307390151107	300.73270422145	320.916186424619	346.590065060776	366.482930789627
10.75	193.791707470947	213.759907224649	239.531012506657	259.790929295502	282.301167739763	304.811406184024	325.071322972868	350.842428254876	370.810628008579
11	197.367648458979	217.411467221161	243.280166950985	263.616807472482	286.212291553945	308.807775635408	329.144416156905	355.013115886729	375.056934648911
11.25	200.851996493019	220.971720338353	246.938383726069	267.352038234179	290.033090446068	312.714142657958	333.127797166068	359.094460553783	379.214184399118
11.5	204.236998606833	224.432914712334	250.497912390703	270.988872257831	293.755816336043	316.522760414255	337.013720281383	363.078717959752	383.274634065253
11.75	207.514901895672	227.787298545091	253.951002575241	274.519560296701	297.372721224763	320.225882152825	340.794439874284	366.958143904435	387.230540553853
12	210.677975344065	231.027141932187	257.289925809155	277.936375007523	300.876079021435	323.815783035348	344.462232233716	370.725016110684	391.074182698806
12.25	213.720287965431	234.146514991491	260.508753635723	281.23338905416	304.259963634974	327.286538215788	348.011173634226	374.373412278458	394.799639304518
12.5	216.639106434327	237.142685486684	263.604755224256	284.40787271096	307.5216465675	330.63542042404	351.438537910743	377.900607648316	398.404186700673
12.75	219.432016358974	240.013240117127	266.575518682353	287.457415192601	310.658718263741	333.86002133488	354.741917845128	381.304196410354	401.885420168507
13	222.096606414615	242.755768653273	269.418635193949	290.379608794227	313.668772253473	336.957935712719	357.918909312997	384.581775853673	405.240938092331
13.25	224.630585493193	245.367981084953	272.131816165819	293.172166036543	316.549522295057	339.926878553571	360.967228424295	387.731063505162	408.468459096921
13.5	227.033392887084	247.849317789568	274.714503375706	295.834529798166	319.300412490262	342.766295182359	363.886321604819	390.751507190957	411.567432093441
13.75	229.305739469305	250.200490716354	277.16741016182	298.367414509248	321.922158482469	345.47690245569	366.676906803118	393.643826248585	414.538577495633
14	231.448364843672	252.422240548647	279.491278600735	300.771563341655	324.415504660489	348.059445979322	369.339730720242	396.408768772331	417.382644477306
14.25	233.462008737449	254.515308096843	281.686850900745	303.047719602635	326.781195552589	350.514671502543	371.875540204434	399.047083008335	420.10038236773
14.5	235.348506406826	256.48152971348	283.75596482934	305.197722172043	329.021071274542	352.844420377041	374.286177719744	401.560612835604	422.693636142258
14.75	237.114798787555	258.327847479656	285.705563945816	307.228515771254	331.14207783888	355.055639906506	376.578591731944	403.956308198104	425.169356890205
15	238.769313944294	260.062690623039	287.544078978825	309.148532308921	333.152648465318	357.156764621716	378.761217951812	406.242606307597	427.535982986343
15.25	240.320480035175	261.694488469438	289.279940761189	310.9662038026	335.061216487741	359.156229172883	380.842492214294	408.427944506045	429.801952940308
15.5	241.776733108763	263.231678239881	290.921588027128	312.689970176104	336.876223151686	361.062476127268	382.830858276243	410.52076806349	431.975713194608
15.75	243.147222130257	264.68341008549	292.478172458323	314.328984314361	338.606822678976	362.88466104359	384.735472899628	412.530235272461	434.066423227695
16	244.442368301663	266.060106414745	293.960118020338	315.893671407036	340.263441619337	364.633211831638	386.566765218336	414.466776823929	436.084514937011
16.25	245.67272440632	267.372321224194	295.377980275501	317.394588247389	341.856638133689	366.31868801999	388.335295991878	416.340955043185	438.040551861059
16.5	246.848837274368	268.630602562316	296.742308844682	318.842285692426	343.396964452474	367.951643212522	390.051620060266	418.163326342632	439.94509163058
16.75	247.98116179381	269.845406539868	298.063561416738	320.247222671626	344.894880883589	369.542539095551	391.726200350439	419.94435522731	441.808599973368
17	249.078346979113	271.02538338425	299.350389784487	321.618052208455	346.359041817841	371.100031427227	393.367693851195	421.692700251432	443.639736656569
17.25	250.147810046543	272.177951518873	300.610213929294	322.962195509062	347.796869822205	372.631544135347	394.983525715115	423.415788125536	445.445929597866
17.5	251.196904452798	273.310465605904	301.850390069107	324.287010014471	349.215723696628	374.144437378784	396.581057324149	425.120981787351	447.234542940457
17.75	252.234090313081	274.431343588486	303.079281719504	325.600816452109	350.623876627795	375.646936803481	398.168471536086	426.816409667103	449.013662942508
18	253.270193975267	275.551169499972	304.307160180933	326.913640267908	352.031080899423	377.148521530938	399.755001617913	428.510992298874	450.79196782358
18.25	254.306297637452	276.670995411458	305.535038642362	328.226464083707	353.438285171052	378.650106258396	401.341531699741	430.205574930645	452.570272704651
18.5	255.342401299638	277.790821322944	306.762917103792	329.539287899506	354.84548944268	380.151690985854	402.928061781568	431.900157562416	454.348577585722
18.75	256.378504961823	278.91064723443	307.990795565221	330.852111715305	356.252693714308	381.653275713311	404.514591863395	433.594740194186	456.126882466793
19	257.414608624009	280.030473145916	309.218674026651	332.164935531104	357.659897985937	383.154860440769	406.101121945222	435.289322825957	457.905187347865
19.25	258.450712286194	281.150299057402	310.44655248808	333.477759346903	359.067102257565	384.656445168226	407.68765202705	436.983905457728	459.683492228936
19.5	259.486815948379	282.270124968888	311.67443094951	334.790583162703	360.474306529193	386.158029895684	409.274182108877	438.678488089499	461.461797110007
19.75	260.522919610565	283.389950880374	312.902309410939	336.103406978502	361.881510800822	387.659614623142	410.860712190704	440.37307072127	463.240101991079
20	261.55902327275	284.50977679186	314.130187872369	337.416230794301	363.28871507245	389.161199350599	412.447242272532	442.06765335304	465.01840687215
